0.8331189531249998 0.255208 23 5 1 1 1 0 1 
0.8728173984375 0.260742 27 5 1 1 0 1 1 
0.9202326757812499 0.266663 29 5 1 0 1 1 1 
0.988825609375 0.312496 14 5 0 1 1 1 0 
1.02080958984375 0.317700 23 5 1 1 1 0 1 
1.0582488710937499 0.323222 27 5 1 1 0 1 1 
1.102644515625 0.329109 29 5 1 0 1 1 1 
1.16610172265625 0.371040 14 5 0 1 1 1 0 
1.19642016796875 0.376215 23 5 1 1 1 0 1 
1.2316495585937501 0.381691 27 5 1 1 0 1 1 
1.27312236328125 0.387504 29 5 1 0 1 1 1 
1.3317040703125 0.425785 14 5 0 1 1 1 0 
1.36035529296875 0.430895 23 5 1 1 1 0 1 
