0.357485 0.286967 0.268960 0 13 0 0 0 0 1 0 0 0 1 0 0 1 0
0.428438 0.404090 0.260091 0 13 1 0 0 0 0 1 0 0 0 1 0 0 1
0.420643 0.420643 0.296875 0 13 1 1 1 1 1 1 0 0 1 0 0 1 0
0.447316 0.447316 0.268960 0 13 1 0 1 1 0 0 1 1 0 1 0 0 1
0.485419 0.452321 0.272984 0 13 1 1 0 0 1 0 0 1 1 0 0 1 1
0.502112 0.457013 0.276755 0 13 1 1 1 1 1 0 0 1 0 0 1 0 0
0.596153 0.454584 0.522624 0 13 0 0 1 1 0 1 0 1 1 0 0 1 0
0.55246 0.465535 0.552460 0 13 0 1 0 0 0 1 0 0 0 1 0 0 0
0.606655 0.408277 0.580432 0 13 0 0 1 0 0 0 0 1 0 0 0 1 0
0.606655 0.445259 0.606655 0 13 0 1 0 0 0 0 1 0 0 0 1 0 0
0.654286 0.443910 0.631239 0 13 0 0 1 0 0 0 0 1 0 0 1 0 0
0.685493 0.448102 0.294921 0 13 1 1 0 1 1 0 1 0 0 1 0 1 0
0.693296 0.439697 0.294921 0 13 1 1 1 1 1 1 1 0 1 1 0 1 0
