1.3329847427800001 0.255208 55 6 1 1 1 0 1 1 
1.3918652876100002 0.260742 59 6 1 1 0 1 1 1 
1.4758990625 0.266663 29 6 1 0 1 1 1 0 
1.5657468203500002 0.312496 46 6 0 1 1 1 0 1 
1.6178856300900002 0.317700 55 6 1 1 1 0 1 1 
1.67346793706 0.323222 59 6 1 1 0 1 1 1 
1.7516950480500002 0.329109 29 6 1 0 1 1 1 0 
1.83509035305 0.371040 46 6 0 1 1 1 0 1 
1.88434336317 0.376215 55 6 1 1 1 0 1 1 
1.9366811800300003 0.381691 59 6 1 1 0 1 1 1 
2.0093443851600004 0.387504 29 6 1 0 1 1 1 0 
2.08657779331 0.425785 46 6 0 1 1 1 0 1 
2.13296245274 0.430895 55 6 1 1 1 0 1 1 
