0.2689508195 0.255208 15 4 1 1 1 1 
0.2748961025 0.260742 11 4 1 1 0 1 
0.28312245275 0.266663 13 4 1 0 1 1 
0.32923019362499995 0.312496 14 4 0 1 1 1 
0.3347302525 0.317700 15 4 1 1 1 1 
0.340652076875 0.323222 11 4 1 1 0 1 
0.348649248875 0.329109 13 4 1 0 1 1 
0.39085341549999997 0.371040 14 4 0 1 1 1 
0.396321533125 0.376215 15 4 1 1 1 1 
0.40218452437499996 0.381691 11 4 1 1 0 1 
0.409925022875 0.387504 13 4 1 0 1 1 
0.448475704625 0.425785 14 4 0 1 1 1 
0.45387369924999993 0.430895 15 4 1 1 1 1 
