7.578397841600002 0.296875 52 6 0 0 1 0 1 1 
7.801538558720002 0.340820 52 6 0 0 1 0 1 1 
8.010046944960003 0.382019 42 6 0 1 0 1 0 1 
8.165211217600001 0.420643 42 6 0 1 0 1 0 1 
8.310684339520002 0.456853 42 6 0 1 0 1 0 1 
8.447061451200002 0.490799 42 6 0 1 0 1 0 1 
8.557984684800001 0.280292 41 6 1 0 0 1 0 1 
8.904321929280002 0.325273 40 6 0 0 0 1 0 1 
9.209225296640001 0.367444 20 6 0 0 1 0 1 0 
9.449737763520002 0.406979 20 6 0 0 1 0 1 0 
9.675210916480001 0.444042 20 6 0 0 1 0 1 0 
9.876623331200001 0.478790 18 6 0 1 0 0 1 0 
10.046160494400002 0.511365 18 6 0 1 0 0 1 0 
