1.1706710276418748 0.255208 55 6 1 1 1 0 1 1 
1.2230427383290623 0.260742 59 6 1 1 0 1 1 1 
1.2967509348312498 0.266663 29 6 1 0 1 1 1 0 
1.3787967527671872 0.312496 46 6 0 1 1 1 0 1 
1.4238297982771875 0.317700 55 6 1 1 1 0 1 1 
1.4732667578587497 0.323222 59 6 1 1 0 1 1 1 
1.5419168992578123 0.329109 29 6 1 0 1 1 1 0 
1.6180232232859373 0.371040 46 6 0 1 1 1 0 1 
1.6606201710721875 0.376215 55 6 1 1 1 0 1 1 
1.7071724500465624 0.381691 59 6 1 1 0 1 1 1 
1.770972594318125 0.387504 29 6 1 0 1 1 1 0 
1.8414135091384374 0.425785 46 6 0 1 1 1 0 1 
1.8815812618724999 0.430895 55 6 1 1 1 0 1 1 
