14.657159277349997 0.296875 52 6 0 0 1 0 1 1 
15.013351722679996 0.340820 52 6 0 0 1 0 1 1 
15.347287998249998 0.382019 52 6 0 0 1 0 1 1 
15.660352987649995 0.420643 52 6 0 0 1 0 1 1 
15.953856170389997 0.456853 52 6 0 0 1 0 1 1 
16.229001075 0.490799 52 6 0 0 1 0 1 1 
16.486967301009997 0.522624 52 6 0 0 1 0 1 1 
16.725160340819997 0.552460 50 6 0 1 0 0 1 1 
16.922471173479998 0.580432 50 6 0 1 0 0 1 1 
17.10747381694 0.606655 50 6 0 1 0 0 1 1 
17.280898545579994 0.631239 50 6 0 1 0 0 1 1 
17.443495925349996 0.654286 50 6 0 1 0 0 1 1 
17.595925949429997 0.675893 50 6 0 1 0 0 1 1 
