4.840504055143749 0.296875 26 5 0 1 0 1 1 
4.967670409156249 0.340820 26 5 0 1 0 1 1 
5.0868857463875 0.382019 26 5 0 1 0 1 1 
5.198653058593749 0.420643 26 5 0 1 0 1 1 
5.291994541531249 0.272984 21 5 1 0 1 0 1 
5.499009154737498 0.318422 20 5 0 0 1 0 1 
5.69308846001875 0.361021 20 5 0 0 1 0 1 
5.875041083668749 0.400957 20 5 0 0 1 0 1 
6.006331984562499 0.438397 10 5 0 1 0 1 0 
6.126254680899999 0.473497 10 5 0 1 0 1 0 
6.238689752668749 0.506404 10 5 0 1 0 1 0 
6.326319943831249 0.311630 9 5 1 0 0 1 0 
6.634092077862499 0.354653 8 5 0 0 0 1 0 
