1.2702711511249998 0.255208 23 5 1 1 1 0 1 
1.3317538666375 0.260742 27 5 1 1 0 1 1 
1.3954422496812497 0.266663 29 5 1 0 1 1 1 
1.490403082875 0.312496 14 5 0 1 1 1 0 
1.5463316613437499 0.317700 23 5 1 1 1 0 1 
1.60418619069375 0.323222 27 5 1 1 0 1 1 
1.664007788525 0.329109 29 5 1 0 1 1 1 
1.75196116315625 0.371040 14 5 0 1 1 1 0 
1.80456789496875 0.376215 23 5 1 1 1 0 1 
1.85888459339375 0.381691 27 5 1 1 0 1 1 
1.91493365348125 0.387504 29 5 1 0 1 1 1 
1.9962212512125 0.425785 14 5 0 1 1 1 0 
2.04556795786875 0.430895 23 5 1 1 1 0 1 
