0.5312731795000001 0.255208 15 4 1 1 1 1 
0.5547940275 0.260742 11 4 1 1 0 1 
0.5884161102500001 0.266663 13 4 1 0 1 1 
0.639761164875 0.312496 14 4 0 1 1 1 
0.6567593525 0.317700 15 4 1 1 1 1 
0.679064320625 0.323222 11 4 1 1 0 1 
0.710489877625 0.329109 13 4 1 0 1 1 
0.7578907555000001 0.371040 14 4 0 1 1 1 
0.774204989375 0.376215 15 4 1 1 1 1 
0.795308318125 0.381691 11 4 1 1 0 1 
0.824618071625 0.387504 13 4 1 0 1 1 
0.868286780875 0.425785 14 4 0 1 1 1 
0.8838852767500001 0.430895 15 4 1 1 1 1 
