0.343183703125 0.255208 23 5 1 1 1 0 1 
0.3531653984375 0.260742 27 5 1 1 0 1 1 
0.37097917578125 0.266663 29 5 1 0 1 1 1 
0.41871407812499994 0.312496 14 5 0 1 1 1 0 
0.42634190234374997 0.317700 23 5 1 1 1 0 1 
0.43605858984374996 0.323222 27 5 1 1 0 1 1 
0.45286004687500003 0.329109 29 5 1 0 1 1 1 
0.49666741015625 0.371040 14 5 0 1 1 1 0 
0.50419282421875 0.376215 23 5 1 1 1 0 1 
0.51361552734375 0.381691 27 5 1 1 0 1 1 
0.5294245820312501 0.387504 29 5 1 0 1 1 1 
0.5695450390625 0.425785 14 5 0 1 1 1 0 
0.5769224179687499 0.430895 23 5 1 1 1 0 1 
