0.64145867872 0.255208 55 6 1 1 1 0 1 1 
0.66934264704 0.260742 59 6 1 1 0 1 1 1 
0.7098531488 0.266663 29 6 1 0 1 1 1 0 
0.7679047263999998 0.312496 46 6 0 1 1 1 0 1 
0.78869483616 0.317700 55 6 1 1 1 0 1 1 
0.81512370464 0.323222 59 6 1 1 0 1 1 1 
0.852945216 0.329109 29 6 1 0 1 1 1 0 
0.9065667552 0.371040 46 6 0 1 1 1 0 1 
0.92646995808 0.376215 55 6 1 1 1 0 1 1 
0.95145972832 0.381691 59 6 1 1 0 1 1 1 
0.98669471424 0.387504 29 6 1 0 1 1 1 0 
1.0361205462399998 0.425785 46 6 0 1 1 1 0 1 
1.0551040505599998 0.430895 55 6 1 1 1 0 1 1 
