5.7530429648437496 0.296875 26 5 0 1 0 1 1 
5.897438347656251 0.340820 26 5 0 1 0 1 1 
6.032805585937499 0.382019 26 5 0 1 0 1 1 
6.15971530859375 0.420643 26 5 0 1 0 1 1 
6.27869237890625 0.456853 26 5 0 1 0 1 1 
6.38927703515625 0.276755 21 5 1 0 1 0 1 
6.624466625 0.321958 20 5 0 0 1 0 1 
6.844961648437499 0.364336 20 5 0 0 1 0 1 
7.0516638632812505 0.404065 20 5 0 0 1 0 1 
7.24546376953125 0.441311 20 5 0 0 1 0 1 
7.391634 0.476229 10 5 0 1 0 1 0 
7.52395837109375 0.508965 10 5 0 1 0 1 0 
7.648023296875 0.539654 10 5 0 1 0 1 0 
