0.26895290613187495 0.255208 55 6 1 1 1 0 1 1 
0.2748982254840625 0.260742 59 6 1 1 0 1 1 1 
0.28312462563124996 0.266663 29 6 1 0 1 1 1 0 
0.3292326301921874 0.312496 46 6 0 1 1 1 0 1 
0.3347327231221875 0.317700 55 6 1 1 1 0 1 1 
0.34065458353875 0.323222 59 6 1 1 0 1 1 1 
0.34865180383281247 0.329109 29 6 1 0 1 1 1 0 
0.39085621131093745 0.371040 46 6 0 1 1 1 0 1 
0.3963243625571875 0.376215 55 6 1 1 1 0 1 1 
0.4021873892615625 0.381691 59 6 1 1 0 1 1 1 
0.409927934248125 0.387504 29 6 1 0 1 1 1 0 
0.44847883554343754 0.425785 46 6 0 1 1 1 0 1 
0.4538768630924999 0.430895 55 6 1 1 1 0 1 1 
