0.69615 0.451089 0.675893 0 13 0 0 1 0 0 0 1 0 0 0 1 0 0
0.705149 0.451089 0.675893 0 13 0 1 1 0 1 1 1 0 0 1 0 1 0
0.705149 0.477365 0.675893 0 13 0 1 1 1 0 1 1 0 0 1 0 1 0
0.707257 0.442523 0.654286 0 13 0 0 1 1 1 0 0 1 1 0 0 1 0
0.707257 0.451089 0.675893 0 13 0 1 0 0 1 1 1 1 1 0 0 1 0
0.707257 0.451089 0.675893 0 13 0 1 1 0 0 1 1 1 0 0 1 1 0
0.707536 0.451089 0.675893 0 13 0 1 0 1 0 1 1 1 0 1 0 1 0
0.707536 0.477365 0.675893 0 13 0 1 0 1 1 0 1 1 0 1 0 1 0
0.707536 0.477365 0.675893 0 13 0 1 1 0 1 0 1 1 0 0 1 1 0
0.707536 0.477365 0.675893 0 13 0 1 1 0 1 0 1 1 0 1 0 1 0
0.709773 0.451089 0.675893 0 13 0 1 0 0 1 0 1 1 1 1 0 1 0
0.709773 0.477365 0.675893 0 13 0 1 0 0 1 1 0 1 1 1 0 1 0
0.71008 0.477365 0.675893 0 13 0 1 0 1 0 1 0 1 1 1 0 1 0
0.712465 0.477365 0.675893 0 13 0 1 0 1 0 1 0 0 1 1 0 1 0
0.715141 0.445172 0.675893 0 13 0 0 0 1 0 0 0 1 0 0 1 0 0
0.715141 0.445172 0.675893 0 13 0 0 0 1 0 0 1 0 0 0 1 0 0
0.717356 0.477365 0.675893 0 13 0 1 0 1 0 0 1 0 0 0 1 1 0
0.727912 0.445172 0.675893 0 13 0 0 1 0 1 1 0 0 1 1 0 1 0
0.727912 0.445172 0.675893 0 13 0 1 0 1 1 0 0 1 0 1 0 1 0
0.727912 0.472211 0.675893 0 13 0 0 1 1 0 1 0 0 1 1 0 1 0
0.727912 0.472211 0.675893 0 13 0 1 1 0 1 0 0 1 0 1 0 1 0
0.730123 0.445172 0.675893 0 13 0 1 0 0 1 1 0 0 1 0 1 1 0
0.730436 0.472211 0.675893 0 13 0 1 0 1 0 1 0 0 1 0 1 1 0
0.732195 0.445172 0.675893 0 13 0 0 1 1 0 0 1 0 0 0 1 1 0
0.732195 0.445172 0.675893 0 13 0 1 1 0 0 1 0 0 0 1 0 1 0
0.732803 0.472211 0.675893 0 13 0 0 1 0 1 0 0 1 0 0 1 1 0
0.732803 0.472211 0.675893 0 13 0 1 0 1 0 0 1 0 0 1 0 1 0
0.8212 0.602315 0.821200 0 13 0 1 0 1 1 0 1 1 1 0 0 1 0
3.3926512291199997 0.297321 21 6 1 0 1 0 1 0 
3.4116738940799993 0.297321 41 6 1 0 0 1 0 1 
3.42487650528 0.297321 25 6 1 0 0 1 1 0 
3.44320684128 0.297321 37 6 1 0 1 0 0 1 
3.4534050172799997 0.297321 19 6 1 1 0 0 1 0 
3.4811940873599996 0.297321 13 6 1 0 1 1 0 0 
3.4897731273599994 0.297321 11 6 1 1 0 1 0 0 
3.5052491721599996 0.297321 49 6 1 0 0 0 1 1 
3.5651559599999993 0.297321 9 6 1 0 0 1 0 0 
3.5685744201599996 0.297321 35 6 1 1 0 0 0 1 
3.5816157129599997 0.297321 17 6 1 0 0 0 1 0 
3.6416132361599995 0.297321 7 6 1 1 1 0 0 0 
3.65252056736 0.675893 42 6 0 1 0 1 0 1 
3.66608522912 0.675893 26 6 0 1 0 1 1 0 
3.67487689824 0.297321 5 6 1 0 1 0 0 0 
3.67630058912 0.675893 22 6 0 1 1 0 1 0 
3.6944006518399997 0.675893 50 6 0 1 0 0 1 1 
3.72836495264 0.675893 38 6 0 1 1 0 0 1 
3.7625327510399997 0.297321 33 6 1 0 0 0 0 1 
3.7674879785599993 0.675893 14 6 0 1 1 1 0 0 
3.77267075744 0.675893 18 6 0 1 0 0 1 0 
3.8102103824 0.675893 10 6 0 1 0 1 0 0 
3.8798333923199992 0.297321 3 6 1 1 0 0 0 0 
3.89155605152 0.675893 34 6 0 1 0 0 0 1 
3.9669525391999994 0.675893 6 6 0 1 1 0 0 0 
4.01874205088 0.675893 52 6 0 0 1 0 1 1 
4.03090924448 0.675893 44 6 0 0 1 1 0 1 
4.03804719456 0.297321 31 6 1 1 1 1 1 0 
4.04490521504 0.675893 28 6 0 0 1 1 1 0 
4.0613000035199995 0.297321 59 6 1 1 0 1 1 1 
4.07119597152 0.297321 55 6 1 1 1 0 1 1 
4.0993163408 0.675893 20 6 0 0 1 0 1 0 
4.15315446176 0.675893 36 6 0 0 1 0 0 1 
4.155105044159999 0.297321 1 6 1 0 0 0 0 0 
4.17407577696 0.297321 53 6 1 0 1 0 1 1 
4.185500621759999 0.297321 45 6 1 0 1 1 0 1 
4.193613024319999 0.675893 12 6 0 0 1 1 0 0 
4.19407966176 0.297321 43 6 1 1 0 1 0 1 
4.20860274912 0.297321 57 6 1 0 0 1 1 1 
4.21286037152 0.675893 2 6 0 1 0 0 0 0 
4.237131261119999 0.297321 51 6 1 1 0 0 1 1 
4.270033475519999 0.297321 39 6 1 1 1 0 0 1 
4.399886319679999 0.675893 4 6 0 0 1 0 0 0 
4.50534082208 0.675893 58 6 0 1 0 1 1 1 
4.513815721279999 0.675893 56 6 0 0 0 1 1 1 
4.515556182079999 0.675893 54 6 0 1 1 0 1 1 
4.527323862079999 0.675893 46 6 0 1 1 1 0 1 
4.5826015952 0.675893 40 6 0 0 0 1 0 1 
4.59709979168 0.675893 24 6 0 0 0 1 1 0 
4.65558144864 0.297321 47 6 1 1 1 1 0 1 
4.7511429737599995 0.675893 8 6 0 0 0 1 0 0 
4.8919765564799995 0.297321 29 6 1 0 1 1 1 0 
4.90055559648 0.297321 27 6 1 1 0 1 1 0 
4.910451564479999 0.297321 23 6 1 1 1 0 1 0 
5.22293190176 0.675893 48 6 0 0 0 0 1 1 
5.279441391679999 0.675893 30 6 0 1 1 1 1 0 
5.3093437904 0.675893 16 6 0 0 0 0 1 0 
5.5500006076799995 0.297321 15 6 1 1 1 1 0 0 
6.126592681279999 0.675893 32 6 0 0 0 0 0 1 
25.781313491530952 0.859940 0 6 0 0 0 0 0 0 
