0.794463872 0.255208 15 4 1 1 1 1 
0.8367322400000001 0.260742 11 4 1 1 0 1 
0.885477464 0.266663 13 4 1 0 1 1 
0.9420218880000002 0.312496 14 4 0 1 1 1 
0.97687984 0.317700 15 4 1 1 1 1 
1.0165968800000003 0.323222 11 4 1 1 0 1 
1.062144392 0.329109 13 4 1 0 1 1 
1.1146962880000002 0.371040 14 4 0 1 1 1 
1.1475722800000003 0.376215 15 4 1 1 1 1 
1.1848148400000003 0.381691 11 4 1 1 0 1 
1.227281696 0.387504 13 4 1 0 1 1 
1.2760143440000002 0.425785 14 4 0 1 1 1 
1.3069359280000001 0.430895 15 4 1 1 1 1 
