11.841706777600002 0.296875 52 6 0 0 1 0 1 1 
12.145501842560002 0.340820 52 6 0 0 1 0 1 1 
12.4303155152 0.382019 52 6 0 0 1 0 1 1 
12.6973272016 0.420643 52 6 0 0 1 0 1 1 
12.947654418880003 0.456853 52 6 0 0 1 0 1 1 
13.178677160000001 0.490799 42 6 0 1 0 1 0 1 
13.365355609920002 0.522624 42 6 0 1 0 1 0 1 
13.540363084480001 0.552460 42 6 0 1 0 1 0 1 
13.704433738240002 0.580432 42 6 0 1 0 1 0 1 
13.858270183360002 0.606655 42 6 0 1 0 1 0 1 
14.002453579200001 0.631239 42 6 0 1 0 1 0 1 
14.137659365440001 0.654286 42 6 0 1 0 1 0 1 
14.26439851904 0.675893 42 6 0 1 0 1 0 1 
