0.320522888 0.255208 15 4 1 1 1 1 
0.32911603999999994 0.260742 11 4 1 1 0 1 
0.34445597599999994 0.266663 13 4 1 0 1 1 
0.39159775199999997 0.312496 14 4 0 1 1 1 
0.39847708 0.317700 15 4 1 1 1 1 
0.40689512 0.323222 11 4 1 1 0 1 
0.42141912800000003 0.329109 13 4 1 0 1 1 
0.464650672 0.371040 14 4 0 1 1 1 
0.47145964 0.376215 15 4 1 1 1 1 
0.4796703600000001 0.381691 11 4 1 1 0 1 
0.49338706400000004 0.387504 13 4 1 0 1 1 
0.5329511360000001 0.425785 14 4 0 1 1 1 
0.5396455119999999 0.430895 15 4 1 1 1 1 
