0.301534727125 0.255208 23 5 1 1 1 0 1 
0.3090084786375 0.260742 27 5 1 1 0 1 1 
0.32194313568125 0.266663 29 5 1 0 1 1 1 
0.368722076875 0.312496 14 5 0 1 1 1 0 
0.37503097134375 0.317700 23 5 1 1 1 0 1 
0.38239970669375 0.323222 27 5 1 1 0 1 1 
0.39471421852499994 0.329109 29 5 1 0 1 1 1 
0.43758367715624996 0.371040 14 5 0 1 1 1 0 
0.44384265496875003 0.376215 23 5 1 1 1 0 1 
0.45107190139375 0.381691 27 5 1 1 0 1 1 
0.46276309348125 0.387504 29 5 1 0 1 1 1 
0.5019686972125 0.425785 14 5 0 1 1 1 0 
0.50813525586875 0.430895 23 5 1 1 1 0 1 
