0.924593792 0.255208 23 5 1 1 1 0 1 
0.9691239712000002 0.260742 27 5 1 1 0 1 1 
1.0202805104000001 0.266663 29 5 1 0 1 1 1 
1.0939998720000002 0.312496 14 5 0 1 1 1 0 
1.130977504 0.317700 23 5 1 1 1 0 1 
1.1729375136000002 0.323222 27 5 1 1 0 1 1 
1.2208660304 0.329109 29 5 1 0 1 1 1 
1.2890978240000002 0.371040 14 5 0 1 1 1 0 
1.3240668720000004 0.376215 23 5 1 1 1 0 1 
1.3635163568000004 0.381691 27 5 1 1 0 1 1 
1.4083154752 0.387504 29 5 1 0 1 1 1 
1.4713337424000004 0.425785 14 5 0 1 1 1 0 
1.5043053744000001 0.430895 23 5 1 1 1 0 1 
