1.5203741733056246 0.255208 55 6 1 1 1 0 1 1 
1.5864121371971873 0.260742 59 6 1 1 0 1 1 1 
1.6825459287312496 0.266663 29 6 1 0 1 1 1 0 
1.7815110782765622 0.312496 46 6 0 1 1 1 0 1 
1.8416768811590623 0.317700 55 6 1 1 1 0 1 1 
1.90402939909875 0.323222 59 6 1 1 0 1 1 1 
1.9934721049984374 0.329109 29 6 1 0 1 1 1 0 
2.0853795002203124 0.371040 46 6 0 1 1 1 0 1 
2.1421553637240622 0.376215 55 6 1 1 1 0 1 1 
2.2008779708071873 0.381691 59 6 1 1 0 1 1 1 
2.283914188651875 0.387504 29 6 1 0 1 1 1 0 
2.3690745599753122 0.425785 46 6 0 1 1 1 0 1 
2.4224890330199997 0.430895 55 6 1 1 1 0 1 1 
