2.5432640163 0.296875 26 5 0 1 0 1 1 
2.6255471203000003 0.260091 21 5 1 0 1 0 1 
2.7595498459000005 0.306335 10 5 0 1 0 1 0 
2.8464086439000003 0.349690 10 5 0 1 0 1 0 
2.9278366014000006 0.390334 10 5 0 1 0 1 0 
2.9803393246 0.281347 9 5 1 0 0 1 0 
3.1766576055 0.326263 8 5 0 0 0 1 0 
3.3128393453000005 0.368372 20 5 0 0 1 0 1 
3.4037076632000005 0.407849 18 5 0 1 0 0 1 
3.483832367 0.444858 18 5 0 1 0 0 1 
3.5589510831 0.479554 18 5 0 1 0 0 1 
3.6228424889 0.319642 17 5 1 0 0 0 1 
3.8327974611000006 0.362164 8 5 0 0 0 1 0 
