16.266398514404685 0.296875 52 6 0 0 1 0 1 1 
16.652356250043123 0.340820 52 6 0 0 1 0 1 1 
17.01419743253281 0.382019 52 6 0 0 1 0 1 1 
17.353423828417185 0.420643 52 6 0 0 1 0 1 1 
17.67145391760906 0.456853 52 6 0 0 1 0 1 1 
17.969591107521875 0.490799 52 6 0 0 1 0 1 1 
18.249114348194063 0.522624 52 6 0 0 1 0 1 1 
18.511158627195623 0.552460 52 6 0 0 1 0 1 1 
18.756826653247188 0.580432 52 6 0 0 1 0 1 1 
18.96066666620125 0.606655 50 6 0 1 0 0 1 1 
19.151411536758747 0.631239 50 6 0 1 0 0 1 1 
19.330248064885936 0.654286 50 6 0 1 0 0 1 1 
19.49790167016031 0.675893 50 6 0 1 0 0 1 1 
