0.4550173555 0.255208 15 4 1 1 1 1 
0.47297120249999997 0.260742 11 4 1 1 0 1 
0.50107405475 0.266663 13 4 1 0 1 1 
0.5509035126249999 0.312496 14 4 0 1 1 1 
0.5636054925 0.317700 15 4 1 1 1 1 
0.580739241875 0.323222 11 4 1 1 0 1 
0.6070421298750001 0.329109 13 4 1 0 1 1 
0.6529404795 0.371040 14 4 0 1 1 1 
0.665245168125 0.376215 15 4 1 1 1 1 
0.681554569375 0.381691 11 4 1 1 0 1 
0.7061197758750001 0.387504 13 4 1 0 1 1 
0.748310211625 0.425785 14 4 0 1 1 1 
0.76017601325 0.430895 15 4 1 1 1 1 
