0.296875 0.296875 0.296875 0 13 1 0 1 0 1 1 1 1 1 0 1 0 1
-1   0 13 1 1 1 0 1 1 0 1 0 1 1 0 1
0.34969 0.271404 0.306335 0 13 1 0 1 0 0 1 1 0 1 1 1 0 1
0.456564 0.447316 0.271404 0 13 1 1 0 1 0 1 1 1 1 1 1 0 1
0.428438 0.428438 0.390334 0 13 1 0 1 1 1 1 1 1 1 1 1 0 1
0.507968 0.456775 0.281347 0 13 1 0 1 1 1 1 1 0 1 0 0 1 1
0  0 5 0 0 0 0 0 
0.572102 0.572102 0.290087 0 13 1 1 0 1 0 0 1 1 0 1 0 1 1
0.558482 0.558482 0.529047 0 13 1 0 1 1 0 1 1 1 0 1 0 1 1
0.524941 0.524941 0.524941 0 13 1 1 0 1 0 1 1 0 1 1 0 1 1
0.615009 0.615009 0.265930 0 13 1 1 1 1 1 1 0 1 1 1 0 1 1
0.659667 0.533192 0.304518 0 13 1 0 1 0 0 1 0 0 1 0 1 1 1
0.684309 0.486846 0.307581 0 13 1 1 0 1 1 1 0 1 1 0 1 1 1
