2.5087858480000005 0.296875 14 4 0 1 1 1 
2.584131128 0.260091 13 4 1 0 1 1 
2.7167856880000008 0.306335 10 4 0 1 0 1 
2.8047852960000004 0.349690 10 4 0 1 0 1 
2.8872824160000006 0.390334 10 4 0 1 0 1 
2.9524299440000004 0.281347 5 4 1 0 1 0 
3.1066485360000007 0.326263 4 4 0 0 1 0 
3.2512356800000006 0.368372 4 4 0 0 1 0 
3.386777768000001 0.407849 4 4 0 0 1 0 
3.4891057440000006 0.444858 10 4 0 1 0 1 
3.557807480000001 0.314243 9 4 1 0 0 1 
3.78752476 0.357103 8 4 0 0 0 1 
3.9762199360000006 0.397284 4 4 0 0 1 0 
