0.32113463904 0.255208 55 6 1 1 1 0 1 1 
0.32973851007999994 0.260742 59 6 1 1 0 1 1 1 
0.34510128319999994 0.266663 29 6 1 0 1 1 1 0 
0.39231180479999994 0.312496 46 6 0 1 1 1 0 1 
0.39920116512 0.317700 55 6 1 1 1 0 1 1 
0.40762982688 0.323222 59 6 1 1 0 1 1 1 
0.4221753856 0.329109 29 6 1 0 1 1 1 0 
0.4654698144 0.371040 46 6 0 1 1 1 0 1 
0.47228868256 0.376215 55 6 1 1 1 0 1 1 
0.4805098454400001 0.381691 59 6 1 1 0 1 1 1 
0.49424682048000007 0.387504 29 6 1 0 1 1 1 0 
0.5338682972800001 0.425785 46 6 0 1 1 1 0 1 
0.5405723635199998 0.430895 55 6 1 1 1 0 1 1 
