6.00571721875 0.296875 52 6 0 0 1 0 1 1 
6.198361625 0.340820 52 6 0 0 1 0 1 1 
6.34083696875 0.382019 42 6 0 1 0 1 0 1 
6.46990796875 0.420643 42 6 0 1 0 1 0 1 
6.585720875 0.272984 41 6 1 0 0 1 0 1 
6.874504999999999 0.318422 20 6 0 0 1 0 1 0 
7.0849143437499995 0.361021 20 6 0 0 1 0 1 0 
7.2821785000000006 0.400957 20 6 0 0 1 0 1 0 
7.450814124999999 0.438397 18 6 0 1 0 0 1 0 
7.59095340625 0.473497 18 6 0 1 0 0 1 0 
7.722342343749999 0.506404 18 6 0 1 0 0 1 0 
7.845508343750001 0.537254 18 6 0 1 0 0 1 0 
7.9609861875000005 0.566175 18 6 0 1 0 0 1 0 
