0.36844103199999995 0.255208 23 5 1 1 1 0 1 
0.3800615381999999 0.260742 27 5 1 1 0 1 1 
0.40039757689999994 0.266663 29 5 1 0 1 1 1 
0.448787347 0.312496 14 5 0 1 1 1 0 
0.45735183150000003 0.317700 23 5 1 1 1 0 1 
0.46859780210000007 0.323222 27 5 1 1 0 1 1 
0.48772478939999997 0.329109 29 5 1 0 1 1 1 
0.5321681564999999 0.371040 14 5 0 1 1 1 0 
0.5405841044999999 0.376215 23 5 1 1 1 0 1 
0.5514309073 0.381691 27 5 1 1 0 1 1 
0.5693797047000001 0.387504 29 5 1 0 1 1 1 
0.6101148664 0.425785 14 5 0 1 1 1 0 
0.6183359459 0.430895 23 5 1 1 1 0 1 
