3.2141982159999998 0.296875 14 4 0 1 1 1 
3.312486872 0.340820 14 4 0 1 1 1 
3.3738752400000003 0.264669 13 4 1 0 1 1 
3.5437319920000006 0.310627 10 4 0 1 0 1 
3.649194832 0.353713 10 4 0 1 0 1 
3.7480655840000003 0.394106 10 4 0 1 0 1 
3.8407580560000003 0.431974 10 4 0 1 0 1 
3.9276615040000005 0.467476 10 4 0 1 0 1 
3.9978932560000002 0.296134 5 4 1 0 1 0 
4.18254928 0.340126 4 4 0 0 1 0 
4.355671592 0.381368 4 4 0 0 1 0 
4.517966144000001 0.420032 4 4 0 0 1 0 
4.6701214 0.456280 4 4 0 0 1 0 
