4.431484804800001 0.296875 26 5 0 1 0 1 1 
4.550951776000001 0.340820 26 5 0 1 0 1 1 
4.662949099200001 0.382019 26 5 0 1 0 1 1 
4.767517465600001 0.268960 21 5 1 0 1 0 1 
4.960641027200001 0.314650 20 5 0 0 1 0 1 
5.1417022160000005 0.357485 20 5 0 0 1 0 1 
5.295069648 0.397642 10 5 0 1 0 1 0 
5.411431348800001 0.435289 10 5 0 1 0 1 0 
5.520529382400001 0.470584 10 5 0 1 0 1 0 
5.609165777600001 0.301803 9 5 1 0 0 1 0 
5.894124916800001 0.345441 8 5 0 0 0 1 0 
6.161270680000001 0.386351 8 5 0 0 0 1 0 
6.375337216000002 0.424704 4 5 0 0 1 0 0 
