2.8449498689999997 0.296875 14 4 0 1 1 1 
2.931538099 0.260091 13 4 1 0 1 1 
3.0808578589999995 0.306335 10 4 0 1 0 1 
3.1757687929999996 0.349690 10 4 0 1 0 1 
3.264745153 0.390334 10 4 0 1 0 1 
3.348159525 0.428438 10 4 0 1 0 1 
3.4107732649999996 0.285858 5 4 1 0 1 0 
3.5779132599999994 0.330492 4 4 0 0 1 0 
3.7346058089999996 0.372336 4 4 0 0 1 0 
3.88150878 0.411565 4 4 0 0 1 0 
4.019009114 0.448342 10 4 0 1 0 1 
4.102769192999999 0.482821 10 4 0 1 0 1 
4.168448244999999 0.325913 9 4 1 0 0 1 
