1.142125384 0.255208 23 5 1 1 1 0 1 
1.1975297142 0.260742 27 5 1 1 0 1 1 
1.2568036529 0.266663 29 5 1 0 1 1 1 
1.343595625 0.312496 14 5 0 1 1 1 0 
1.3925009115000002 0.317700 23 5 1 1 1 0 1 
1.4446507001 0.323222 27 5 1 1 0 1 1 
1.5002732634000002 0.329109 29 5 1 0 1 1 1 
1.5806511645 0.371040 14 5 0 1 1 1 0 
1.6267226145 0.376215 23 5 1 1 1 0 1 
1.6756981813000003 0.381691 27 5 1 1 0 1 1 
1.7277668667000001 0.387504 29 5 1 0 1 1 1 
1.8020448724 0.425785 14 5 0 1 1 1 0 
1.8453253259 0.430895 23 5 1 1 1 0 1 
