3.2723753466796874 0.296875 42 6 0 1 0 1 0 1 
3.3684868896484375 0.340820 42 6 0 1 0 1 0 1 
3.443340176757812 0.264669 21 6 1 0 1 0 1 0 
3.594460876953125 0.310627 20 6 0 0 1 0 1 0 
3.735182213867187 0.353713 18 6 0 1 0 0 1 0 
3.8308222939453125 0.394106 18 6 0 1 0 0 1 0 
3.9204828037109376 0.431974 18 6 0 1 0 0 1 0 
4.004543622070312 0.467476 18 6 0 1 0 0 1 0 
4.059069991210937 0.296134 9 6 1 0 0 1 0 0 
4.264553114257812 0.340126 8 6 0 0 0 1 0 0 
4.4571920576171875 0.381368 8 6 0 0 0 1 0 0 
4.6377919609375 0.420032 8 6 0 0 0 1 0 0 
4.768174643554687 0.456280 36 6 0 0 1 0 0 1 
