0.6231746315 0.255208 15 4 1 1 1 1 
0.6533508725 0.260742 11 4 1 1 0 1 
0.69277849175 0.266663 13 4 1 0 1 1 
0.7459438541250001 0.312496 14 4 0 1 1 1 
0.7687397125000001 0.317700 15 4 1 1 1 1 
0.797225294375 0.323222 11 4 1 1 0 1 
0.834057728375 0.329109 13 4 1 0 1 1 
0.8832624835 0.371040 14 4 0 1 1 1 
0.9049657956250001 0.376215 15 4 1 1 1 1 
0.9317973018750001 0.381691 11 4 1 1 0 1 
0.9661316063750001 0.387504 13 4 1 0 1 1 
1.011574251125 0.425785 14 4 0 1 1 1 
1.03217026225 0.430895 15 4 1 1 1 1 
