3.7001501874999994 0.296875 26 5 0 1 0 1 1 
3.8058948125 0.340820 26 5 0 1 0 1 1 
3.9050277499999995 0.382019 26 5 0 1 0 1 1 
3.9725453125 0.268960 21 5 1 0 1 0 1 
4.146076750000001 0.314650 20 5 0 0 1 0 1 
4.3056361249999995 0.357485 10 5 0 1 0 1 0 
4.4146954375 0.397642 10 5 0 1 0 1 0 
4.5169275625 0.435289 10 5 0 1 0 1 0 
4.6002490625 0.297173 9 5 1 0 0 1 0 
4.851765 0.341100 8 5 0 0 0 1 0 
5.085114375 0.382281 4 5 0 0 1 0 0 
5.245146625 0.420889 4 5 0 0 1 0 0 
5.395169999999999 0.457083 4 5 0 0 1 0 0 
