0.430895 0.430895 0.255208 0 13 1 1 1 1 1 0 1 1 1 1 1 1 0
0.382019 0.324652 0.340820 0 13 1 0 1 1 0 1 1 1 1 1 1 1 0
0  0 4 0 0 0 0 
0.485419 0.446070 0.268960 0 13 1 1 0 0 1 0 0 1 0 1 0 0 1
0.50988 0.420814 0.272984 0 13 1 0 1 1 0 1 0 1 0 1 0 0 1
0.544027 0.425506 0.276755 0 13 1 0 0 1 1 0 1 0 1 1 0 0 1
0.587856 0.458573 0.280292 0 13 1 0 0 1 0 0 1 0 0 0 1 0 1
0.595769 0.462231 0.283607 0 13 1 1 1 0 0 1 0 1 0 0 1 0 1
0.641194 0.641194 0.286715 0 13 1 0 1 1 0 1 1 1 0 0 1 0 1
0.310627 0.276536 0.310627 0 13 1 1 0 1 1 1 1 1 0 0 1 0 1
0.684643 0.684643 0.292360 0 13 1 1 0 1 0 1 1 0 1 0 1 0 1
0.712465 0.442523 0.294921 0 13 1 1 1 1 1 1 1 0 1 0 1 0 1
0.722831 0.722831 0.297321 0 13 1 0 1 0 1 0 1 1 1 0 1 0 1
