3.6181641669999998 0.296875 14 4 0 1 1 1 
3.7240537839999996 0.340820 14 4 0 1 1 1 
3.7985391349999995 0.264669 13 4 1 0 1 1 
3.9857230139999995 0.310627 12 4 0 0 1 1 
4.102809359 0.353713 10 4 0 1 0 1 
4.2099339879999995 0.394106 10 4 0 1 0 1 
4.310364732 0.431974 10 4 0 1 0 1 
4.404523228 0.467476 10 4 0 1 0 1 
4.492789575 0.500758 10 4 0 1 0 1 
4.573087145 0.300292 5 4 1 0 1 0 
4.774292474999999 0.344024 4 4 0 0 1 0 
4.962932437999999 0.385023 4 4 0 0 1 0 
5.139776426999999 0.423459 4 4 0 0 1 0 
