3.4117394111250006 0.296875 14 4 0 1 1 1 
3.513744196 0.340820 14 4 0 1 1 1 
3.5815805506250005 0.264669 13 4 1 0 1 1 
3.7613053628750004 0.310627 10 4 0 1 0 1 
3.8710711441250005 0.353713 10 4 0 1 0 1 
3.9739759632500005 0.394106 10 4 0 1 0 1 
4.070450501750001 0.431974 10 4 0 1 0 1 
4.160899842 0.467476 10 4 0 1 0 1 
4.245689158125 0.500758 10 4 0 1 0 1 
4.306236420625 0.300292 5 4 1 0 1 0 
4.499987279375 0.344024 4 4 0 0 1 0 
4.681637908250001 0.385023 4 4 0 0 1 0 
4.851929786125 0.423459 4 4 0 0 1 0 
