0.5766119733506251 0.255208 55 6 1 1 1 0 1 1 
0.6009344023746875 0.260742 59 6 1 1 0 1 1 1 
0.6372055041312501 0.266663 29 6 1 0 1 1 1 0 
0.6926479569890625 0.312496 46 6 0 1 1 1 0 1 
0.7103952879815625 0.317700 55 6 1 1 1 0 1 1 
0.73349390353875 0.323222 59 6 1 1 0 1 1 1 
0.7673780092859376 0.329109 29 6 1 0 1 1 1 0 
0.8185390162328126 0.371040 46 6 0 1 1 1 0 1 
0.8355920166665626 0.376215 55 6 1 1 1 0 1 1 
0.8574749512146875 0.381691 59 6 1 1 0 1 1 1 
0.8890610462168751 0.387504 29 6 1 0 1 1 1 0 
0.9361731127778126 0.425785 46 6 0 1 1 1 0 1 
0.9524941740300001 0.430895 55 6 1 1 1 0 1 1 
