2.30968552734375 0.296875 26 5 0 1 0 1 1 
2.38040027734375 0.260091 21 5 1 0 1 0 1 
2.49973619140625 0.306335 10 5 0 1 0 1 0 
2.5819999414062496 0.349690 10 5 0 1 0 1 0 
2.6580297890624998 0.276536 9 5 1 0 0 1 0 
2.83705782421875 0.321753 20 5 0 0 1 0 1 
2.9582985468750005 0.364143 18 5 0 1 0 0 1 
3.03723054296875 0.403884 18 5 0 1 0 0 1 
3.111227953125 0.441141 18 5 0 1 0 0 1 
3.18060404296875 0.476070 18 5 0 1 0 0 1 
3.22312186328125 0.312952 17 5 1 0 0 0 1 
3.4171739765625 0.355893 24 5 0 0 0 1 1 
3.55332409765625 0.396149 20 5 0 0 1 0 1 
