1.9291776719999998 0.296875 14 4 0 1 1 1 
1.9840264719999996 0.260091 13 4 1 0 1 1 
2.0878538719999997 0.306335 10 4 0 1 0 1 
2.1639799039999996 0.349690 10 4 0 1 0 1 
2.214143336 0.276536 5 4 1 0 1 0 
2.3469448399999995 0.321753 4 4 0 0 1 0 
2.4714467439999996 0.364143 4 4 0 0 1 0 
2.5666620159999995 0.403884 10 4 0 1 0 1 
2.62310996 0.302342 9 4 1 0 0 1 
2.8148279679999995 0.345946 8 4 0 0 0 1 
2.9606476719999995 0.386824 12 4 0 0 1 1 
3.0512303679999997 0.425148 10 4 0 1 0 1 
3.1192517439999996 0.461076 10 4 0 1 0 1 
