0.717389212764375 0.255208 55 6 1 1 1 0 1 1 
0.7492342283678125 0.260742 59 6 1 1 0 1 1 1 
0.79457792853125 0.266663 29 6 1 0 1 1 1 0 
0.8558286868734376 0.312496 46 6 0 1 1 1 0 1 
0.8801836902384376 0.317700 55 6 1 1 1 0 1 1 
0.91032124927875 0.323222 59 6 1 1 0 1 1 1 
0.9526330486515625 0.329109 29 6 1 0 1 1 1 0 
1.0092641100421875 0.371040 46 6 0 1 1 1 0 1 
1.0325047536934375 0.376215 55 6 1 1 1 0 1 1 
1.0609587211003126 0.381691 59 6 1 1 0 1 1 1 
1.100356185800625 0.387504 29 6 1 0 1 1 1 0 
1.1526053184896876 0.425785 46 6 0 1 1 1 0 1 
1.1747047181774999 0.430895 55 6 1 1 1 0 1 1 
