1.2670659030000002 0.296875 14 4 0 1 1 1 
1.2956134330000002 0.260091 13 4 1 0 1 1 
1.366892993 0.306335 10 4 0 1 0 1 
1.4021877090000001 0.271404 5 4 1 0 1 0 
1.5091574090000002 0.316942 4 4 0 0 1 0 
1.5845743550000002 0.359633 10 4 0 1 0 1 
1.6216137710000003 0.290271 13 4 1 0 1 1 
1.7260794340000003 0.334629 12 4 0 0 1 1 
1.8240162450000001 0.376215 12 4 0 0 1 1 
1.8858088420000003 0.415201 10 4 0 1 0 1 
1.9176088930000004 0.386824 13 4 1 0 1 1 
1.9798940170000003 0.425148 10 4 0 1 0 1 
2.0349667360000003 0.461076 10 4 0 1 0 1 
