10.617392108398438 0.296875 52 6 0 0 1 0 1 1 
10.898229775390625 0.340820 52 6 0 0 1 0 1 1 
11.161520790039063 0.382019 52 6 0 0 1 0 1 1 
11.408354663085937 0.420643 52 6 0 0 1 0 1 1 
11.638087811523437 0.456853 42 6 0 1 0 1 0 1 
11.819128420898437 0.490799 42 6 0 1 0 1 0 1 
11.988849866210936 0.522624 42 6 0 1 0 1 0 1 
12.147961025390625 0.552460 42 6 0 1 0 1 0 1 
12.297128666992188 0.580432 42 6 0 1 0 1 0 1 
12.436990856445313 0.606655 42 6 0 1 0 1 0 1 
12.561081657226563 0.292360 41 6 1 0 0 1 0 1 
13.016291406250001 0.336587 40 6 0 0 0 1 0 1 
13.443062743164063 0.378051 40 6 0 0 0 1 0 1 
