0.26895280512499997 0.255208 23 5 1 1 1 0 1 
0.2748981226375 0.260742 27 5 1 1 0 1 1 
0.28312450968124997 0.266663 29 5 1 0 1 1 1 
0.3292325126249999 0.312496 14 5 0 1 1 1 0 
0.33473260384375 0.317700 23 5 1 1 1 0 1 
0.34065446244375 0.323222 27 5 1 1 0 1 1 
0.348651670775 0.329109 29 5 1 0 1 1 1 
0.39085607665624994 0.371040 14 5 0 1 1 1 0 
0.39632422621875 0.376215 23 5 1 1 1 0 1 
0.40218725114375 0.381691 27 5 1 1 0 1 1 
0.40992778523125 0.387504 29 5 1 0 1 1 1 
0.44847868496250004 0.425785 14 5 0 1 1 1 0 
0.4538767108687499 0.430895 23 5 1 1 1 0 1 
