7.9869412110999995 0.296875 28 5 0 0 1 1 1 
8.189499238156248 0.340820 26 5 0 1 0 1 1 
8.364890384637498 0.382019 26 5 0 1 0 1 1 
8.529322273093749 0.420643 26 5 0 1 0 1 1 
8.683477347906248 0.456853 26 5 0 1 0 1 1 
8.82800047056875 0.490799 26 5 0 1 0 1 1 
8.9634831320625 0.522624 26 5 0 1 0 1 1 
9.090507870868748 0.552460 26 5 0 1 0 1 1 
9.209589039587499 0.580432 26 5 0 1 0 1 1 
9.321228027306248 0.606655 26 5 0 1 0 1 1 
9.412313674975 0.292360 25 5 1 0 0 1 1 
9.751242703943749 0.336587 20 5 0 0 1 0 1 
10.050675561599999 0.378051 20 5 0 0 1 0 1 
