0.5680984 0.255208 3 2 1 1 
0.345398 0.345398 0.345398 0 13 1 0 1 1 0 0 1 1 1 0 1 1 0
0.386311 0.374924 0.386311 0 13 1 0 1 0 1 0 1 1 1 0 1 1 0
0.6036931999999999 0.270794 3 2 1 1 
0.359096 0.359096 0.359096 0 13 1 1 0 1 1 0 1 1 1 0 1 1 0
0.456015 0.456015 0.399153 0 13 1 1 0 1 0 1 1 1 1 0 1 1 0
0.399153 0.399153 0 2 0 0 
0.436706 0.436706 0 2 0 0 
0.579255 0.579255 0.504917 0 13 1 1 1 1 1 1 1 1 1 0 1 1 0
0.7227296 0.304814 1 2 1 0 
0.348263 0.348263 0.348263 0 13 1 0 1 0 0 1 0 1 0 1 1 1 0
0.606048 0.606048 0.606048 0 13 1 0 0 1 0 1 0 1 0 1 1 1 0
0.547234 0.547234 0.376037 0 13 1 0 0 1 0 0 1 1 0 1 1 1 0
