1.7220497763000004 0.296875 26 5 0 1 0 1 1 
1.7636732923000003 0.260091 21 5 1 0 1 0 1 
1.8487414799000002 0.306335 10 5 0 1 0 1 0 
1.9194817499000003 0.349690 10 5 0 1 0 1 0 
1.9642022880000003 0.276536 9 5 1 0 0 1 0 
2.0930758731 0.321753 20 5 0 0 1 0 1 
2.1776381274000003 0.364143 18 5 0 1 0 0 1 
2.2452430195000006 0.403884 18 5 0 1 0 0 1 
2.3005512262000005 0.302342 17 5 1 0 0 0 1 
2.4553157823000005 0.345946 24 5 0 0 0 1 1 
2.5647074187000003 0.386824 20 5 0 0 1 0 1 
2.6636114096000005 0.425148 20 5 0 0 1 0 1 
2.7366052494000006 0.461076 18 5 0 1 0 0 1 
