3.025336421875 0.296875 14 4 0 1 1 1 
3.1178102656249997 0.260091 13 4 1 0 1 1 
3.2760420156250003 0.306335 10 4 0 1 0 1 
3.3746677031250005 0.349690 10 4 0 1 0 1 
3.4671265781250002 0.390334 10 4 0 1 0 1 
3.553805546875 0.428438 10 4 0 1 0 1 
3.6330597031250003 0.285858 5 4 1 0 1 0 
3.806342 0.330492 4 4 0 0 1 0 
3.9687928281250002 0.372336 4 4 0 0 1 0 
4.12109446875 0.411565 4 4 0 0 1 0 
4.263873125 0.448342 4 4 0 0 1 0 
4.364468546875 0.482821 10 4 0 1 0 1 
4.442412515625 0.325913 9 4 1 0 0 1 
