0.8061820895399998 0.255208 55 6 1 1 1 0 1 1 
0.8424191918299999 0.260742 59 6 1 1 0 1 1 1 
0.8933281096999999 0.266663 29 6 1 0 1 1 1 0 
0.9584663260499999 0.312496 46 6 0 1 1 1 0 1 
0.9869655578699998 0.317700 55 6 1 1 1 0 1 1 
1.02122145138 0.323222 59 6 1 1 0 1 1 1 
1.0687037583499999 0.329109 29 6 1 0 1 1 1 0 
1.1289844631499997 0.371040 46 6 0 1 1 1 0 1 
1.1561038883099999 0.376215 55 6 1 1 1 0 1 1 
1.18841005769 0.381691 59 6 1 1 0 1 1 1 
1.23260064848 0.387504 29 6 1 0 1 1 1 0 
1.2882669685299997 0.425785 46 6 0 1 1 1 0 1 
1.3139866840199999 0.430895 55 6 1 1 1 0 1 1 
