2.7977698566437503 0.296875 26 5 0 1 0 1 1 
2.8866853286562506 0.340820 26 5 0 1 0 1 1 
2.9437722880687502 0.264669 21 5 1 0 1 0 1 
3.0908192246312503 0.310627 20 5 0 0 1 0 1 
3.1902748808125008 0.353713 10 5 0 1 0 1 0 
3.2786631969125004 0.394106 10 5 0 1 0 1 0 
3.3467100919062505 0.286967 9 5 1 0 0 1 0 
3.5555099973437505 0.331531 8 5 0 0 0 1 0 
3.7124237755125007 0.373311 4 5 0 0 1 0 0 
3.8443760341875004 0.412479 4 5 0 0 1 0 0 
3.9680771202562504 0.449199 4 5 0 0 1 0 0 
4.08404830798125 0.483624 4 5 0 0 1 0 0 
4.163349428056251 0.515897 18 5 0 1 0 0 1 
