6.797301762600001 0.296875 28 5 0 0 1 1 1 
6.966744018656251 0.340820 26 5 0 1 0 1 1 
7.1207523558875 0.382019 26 5 0 1 0 1 1 
7.265138032093751 0.420643 26 5 0 1 0 1 1 
7.40049923765625 0.456853 26 5 0 1 0 1 1 
7.527402654318751 0.490799 26 5 0 1 0 1 1 
7.6463681643125 0.522624 26 5 0 1 0 1 1 
7.757170783412501 0.283607 25 5 1 0 0 1 1 
8.03100184960625 0.328381 20 5 0 0 1 0 1 
8.286137102675001 0.370357 20 5 0 0 1 0 1 
8.525317067812502 0.409710 20 5 0 0 1 0 1 
8.749560913456254 0.446603 20 5 0 0 1 0 1 
8.95977572288125 0.481191 20 5 0 0 1 0 1 
