1.9002831311437498 0.296875 26 5 0 1 0 1 1 
1.9507248486437496 0.260091 21 5 1 0 1 0 1 
2.0457300880562497 0.306335 10 5 0 1 0 1 0 
2.11995886205625 0.349690 10 5 0 1 0 1 0 
2.1745561838125 0.276536 9 5 1 0 0 1 0 
2.31803227831875 0.321753 20 5 0 0 1 0 1 
2.413641942525 0.364143 18 5 0 1 0 0 1 
2.4846825869687494 0.403884 18 5 0 1 0 0 1 
2.5512823462749994 0.441141 18 5 0 1 0 0 1 
2.5897150205624997 0.307818 17 5 1 0 0 0 1 
2.7561542030874993 0.351080 24 5 0 0 0 1 1 
2.873727351974999 0.391637 20 5 0 0 1 0 1 
0.416819 0.365094 0.296875 0 13 0 0 0 1 0 0 0 1 0 0 0 1 0
