0.260742 0.260742 0.255208 0 13 1 0 1 1 1 0 1 1 1 0 1 1 1
0.430209 0.404776 0.260091 0 13 1 0 1 0 1 1 1 1 1 1 1 1 1
0.433514 0.410470 0.264669 0 13 1 1 1 1 0 1 0 0 1 0 0 1 0
0.375489 0.375489 0 6 0 0 0 0 0 0 
0.50988 0.420814 0.272984 0 13 1 1 0 1 0 1 0 1 0 0 1 0 1
0.544509 0.425506 0.276755 0 13 1 1 1 1 1 1 1 1 1 0 1 0 1
0  0 6 0 0 0 0 0 0 
0.555568 0.555568 0.555568 0 13 1 1 0 1 0 1 0 0 1 0 0 1 1
0.458489 0.447656 0.422389 0 13 1 1 1 0 1 0 1 1 0 1 0 1 1
0.654103 0.441519 0.289628 0 13 1 0 0 1 0 0 1 0 1 0 1 1 1
0.675721 0.444917 0.292360 0 13 1 0 1 0 1 1 1 1 1 1 1 1 1
0.683094 0.448102 0.654286 0 13 0 1 1 1 1 1 0 0 1 0 0 1 0
3.9586274851199996 0.297321 63 6 1 1 1 1 1 1 
