0.7518581679999998 0.255208 23 5 1 1 1 0 1 
0.7871058421999999 0.260742 27 5 1 1 0 1 1 
0.8309674168999999 0.266663 29 5 1 0 1 1 1 
0.8952358709999999 0.312496 14 5 0 1 1 1 0 
0.9228147514999999 0.317700 23 5 1 1 1 0 1 
0.9560936541 0.323222 27 5 1 1 0 1 1 
0.9971420733999999 0.329109 29 5 1 0 1 1 1 
1.0565639404999998 0.371040 14 5 0 1 1 1 0 
1.0827778044999998 0.376215 23 5 1 1 1 0 1 
1.1141269833 0.381691 27 5 1 1 0 1 1 
1.1524557967 0.387504 29 5 1 0 1 1 1 
1.2072809263999997 0.425785 14 5 0 1 1 1 0 
1.2321170978999998 0.430895 23 5 1 1 1 0 1 
