5.334905750201562 0.296875 52 6 0 0 1 0 1 1 
5.503608944012187 0.340820 42 6 0 1 0 1 0 1 
5.629473401599688 0.382019 42 6 0 1 0 1 0 1 
5.747473463945312 0.420643 42 6 0 1 0 1 0 1 
5.841196110694375 0.272984 41 6 1 0 0 1 0 1 
6.0904757178999995 0.318422 20 6 0 0 1 0 1 0 
6.285149278439688 0.361021 20 6 0 0 1 0 1 0 
6.467660292340624 0.400957 20 6 0 0 1 0 1 0 
6.609052209153749 0.438397 18 6 0 1 0 0 1 0 
6.736348759654062 0.473497 18 6 0 1 0 0 1 0 
6.855696924180313 0.506404 18 6 0 1 0 0 1 0 
6.967576046791562 0.537254 18 6 0 1 0 0 1 0 
7.072470873008749 0.566175 18 6 0 1 0 0 1 0 
