0.43361353727999996 0.255208 55 6 1 1 1 0 1 1 
0.44938391936 0.260742 59 6 1 1 0 1 1 1 
0.475404248 0.266663 29 6 1 0 1 1 1 0 
0.5257055615999999 0.312496 46 6 0 1 1 1 0 1 
0.53693241984 0.317700 55 6 1 1 1 0 1 1 
0.5520490905600001 0.323222 59 6 1 1 0 1 1 1 
0.5764277647999999 0.329109 29 6 1 0 1 1 1 0 
0.6227092767999999 0.371040 46 6 0 1 1 1 0 1 
0.63364072992 0.376215 55 6 1 1 1 0 1 1 
0.6480901692800002 0.381691 59 6 1 1 0 1 1 1 
0.67088090816 0.387504 29 6 1 0 1 1 1 0 
0.7133765065600001 0.425785 46 6 0 1 1 1 0 1 
0.7239668342400001 0.430895 55 6 1 1 1 0 1 1 
