1.8024013348750003 0.296875 14 4 0 1 1 1 
1.8525147086250002 0.260091 13 4 1 0 1 1 
1.9500460186250002 0.306335 10 4 0 1 0 1 
2.0235839541250003 0.349690 10 4 0 1 0 1 
2.0632342733750004 0.276536 5 4 1 0 1 0 
2.1914029987500006 0.321753 4 4 0 0 1 0 
2.31156158475 0.364143 4 4 0 0 1 0 
2.3942643840000004 0.403884 10 4 0 1 0 1 
2.4411724981250003 0.302342 9 4 1 0 0 1 
2.62394706325 0.345946 8 4 0 0 0 1 
2.7608279811250003 0.386824 12 4 0 0 1 1 
2.8459506288750003 0.425148 10 4 0 1 0 1 
2.9114938185000003 0.461076 10 4 0 1 0 1 
