0.6163249359999999 0.255208 23 5 1 1 1 0 1 
0.6437511312 0.260742 27 5 1 1 0 1 1 
0.6810010783999999 0.266663 29 5 1 0 1 1 1 
0.7386502479999999 0.312496 14 5 0 1 1 1 0 
0.759014544 0.317700 23 5 1 1 1 0 1 
0.7849913935999999 0.323222 27 5 1 1 0 1 1 
0.8198361744 0.329109 29 5 1 0 1 1 1 
0.87306036 0.371040 14 5 0 1 1 1 0 
0.892544592 0.376215 23 5 1 1 1 0 1 
0.9170915968000001 0.381691 27 5 1 1 0 1 1 
0.9496145472 0.387504 29 5 1 0 1 1 1 
0.9986511903999999 0.425785 14 5 0 1 1 1 0 
1.0172259103999999 0.430895 23 5 1 1 1 0 1 
