2.6728343976249995 0.296875 14 4 0 1 1 1 
2.753714578875 0.260091 13 4 1 0 1 1 
2.8945101788749996 0.306335 10 4 0 1 0 1 
2.9858805583749994 0.349690 10 4 0 1 0 1 
3.071537713375 0.390334 10 4 0 1 0 1 
3.151413991 0.281347 5 4 1 0 1 0 
3.3112355702499996 0.326263 4 4 0 0 1 0 
3.461076085625 0.368372 4 4 0 0 1 0 
3.601542581375 0.407849 4 4 0 0 1 0 
3.720221256 0.444858 10 4 0 1 0 1 
3.7989193116249997 0.479554 10 4 0 1 0 1 
3.8496490671249997 0.319642 9 4 1 0 0 1 
4.089649799125 0.362164 8 4 0 0 0 1 
