0.679886067125 0.255208 23 5 1 1 1 0 1 
0.7110480196375 0.260742 27 5 1 1 0 1 1 
0.75152650518125 0.266663 29 5 1 0 1 1 1 
0.8121768131250001 0.312496 14 5 0 1 1 1 0 
0.8358964413437501 0.317700 23 5 1 1 1 0 1 
0.86535952344375 0.323222 27 5 1 1 0 1 1 
0.903229614275 0.329109 29 5 1 0 1 1 1 
0.9592677671562501 0.371040 14 5 0 1 1 1 0 
0.9818832462187501 0.376215 23 5 1 1 1 0 1 
1.00967654414375 0.381691 27 5 1 1 0 1 1 
1.04502726323125 0.387504 29 5 1 0 1 1 1 
1.0966956704625002 0.425785 14 5 0 1 1 1 0 
1.11818510536875 0.430895 23 5 1 1 1 0 1 
