2.2369156215300006 0.296875 42 6 0 1 0 1 0 1 
2.2937066278900007 0.260091 21 6 1 0 1 0 1 0 
2.4177649248900006 0.306335 20 6 0 0 1 0 1 0 
2.5103125168000004 0.349690 18 6 0 1 0 0 1 0 
2.5789194604100008 0.276536 41 6 1 0 0 1 0 1 
2.7171549401400004 0.321753 36 6 0 0 1 0 0 1 
2.8339103214500008 0.364143 36 6 0 0 1 0 0 1 
2.9344903488200007 0.403884 34 6 0 1 0 0 0 1 
3.003189360530001 0.302342 17 6 1 0 0 0 1 0 
3.1671241605700007 0.345946 40 6 0 0 0 1 0 1 
3.3164234591600006 0.386824 29 6 1 0 1 1 1 0 
3.4237199834400007 0.425148 28 6 0 0 1 1 1 0 
3.4985551308400007 0.461076 26 6 0 1 0 1 1 0 
