1.178278949125 0.296875 14 4 0 1 1 1 
1.202904645375 0.260091 13 4 1 0 1 1 
1.269946625375 0.306335 10 4 0 1 0 1 
1.298710163625 0.271404 5 4 1 0 1 0 
1.401955323625 0.316942 4 4 0 0 1 0 
1.468861911875 0.359633 10 4 0 1 0 1 
1.4982635313750001 0.290271 13 4 1 0 1 1 
1.5990533955000004 0.334629 12 4 0 0 1 1 
1.693544041875 0.376215 12 4 0 0 1 1 
1.7516392727499999 0.415201 10 4 0 1 0 1 
1.777850462875 0.386824 13 4 1 0 1 1 
1.8364307321250002 0.425148 10 4 0 1 0 1 
1.8897654195 0.461076 10 4 0 1 0 1 
