1.9700867044759378 0.296875 42 6 0 1 0 1 0 1 
2.013570705396563 0.260091 21 6 1 0 1 0 1 0 
2.1307667942965627 0.306335 20 6 0 0 1 0 1 0 
2.211260925090625 0.349690 18 6 0 1 0 0 1 0 
2.260069876434688 0.276536 41 6 1 0 0 1 0 1 
2.3836440929137503 0.321753 36 6 0 0 1 0 0 1 
2.493737204292188 0.364143 36 6 0 0 1 0 0 1 
2.5761717607068753 0.403884 34 6 0 1 0 0 0 1 
2.6256654353196875 0.302342 17 6 1 0 0 0 1 0 
2.776776082167813 0.345946 40 6 0 0 0 1 0 1 
2.9166108714737504 0.386824 29 6 1 0 1 1 1 0 
3.01746829536375 0.425148 28 6 0 0 1 1 1 0 
3.0854698695450007 0.461076 26 6 0 1 0 1 1 0 
