13.185351434514065 0.296875 52 6 0 0 1 0 1 1 
13.514211858391876 0.340820 52 6 0 0 1 0 1 1 
13.822524359373439 0.382019 52 6 0 0 1 0 1 1 
14.111566589664065 0.420643 52 6 0 0 1 0 1 1 
14.382547910489688 0.456853 52 6 0 0 1 0 1 1 
14.63658010397813 0.490799 52 6 0 0 1 0 1 1 
14.873389949313129 0.522624 50 6 0 1 0 0 1 1 
15.064699566051877 0.552460 50 6 0 1 0 0 1 1 
15.244033993823129 0.580432 50 6 0 1 0 0 1 1 
15.412180340841251 0.606655 50 6 0 1 0 0 1 1 
15.569804326663753 0.631239 50 6 0 1 0 0 1 1 
15.717587131657814 0.654286 50 6 0 1 0 0 1 1 
15.85612906349344 0.675893 50 6 0 1 0 0 1 1 
