1.569170390625 0.296875 14 4 0 1 1 1 
1.6102484218750002 0.260091 13 4 1 0 1 1 
1.6962474218749999 0.306335 10 4 0 1 0 1 
1.754720953125 0.271404 5 4 1 0 1 0 
1.8736039531250002 0.316942 4 4 0 0 1 0 
1.9801244843749999 0.359633 10 4 0 1 0 1 
2.041883421875 0.290271 13 4 1 0 1 1 
2.1581336875000003 0.334629 12 4 0 0 1 1 
2.267118984375 0.376215 12 4 0 0 1 1 
2.34173959375 0.415201 10 4 0 1 0 1 
2.393346109375 0.386824 13 4 1 0 1 1 
2.468454015625 0.425148 10 4 0 1 0 1 
2.5294369375 0.461076 10 4 0 1 0 1 
