0.42217062399999994 0.255208 15 4 1 1 1 1 
0.43773935999999997 0.260742 11 4 1 1 0 1 
0.46317960799999996 0.266663 13 4 1 0 1 1 
0.5123544959999999 0.312496 14 4 0 1 1 1 
0.5233928 0.317700 15 4 1 1 1 1 
0.5383097600000001 0.323222 11 4 1 1 0 1 
0.562147624 0.329109 13 4 1 0 1 1 
0.607396816 0.371040 14 4 0 1 1 1 
0.61814228 0.376215 15 4 1 1 1 1 
0.6323954800000001 0.381691 11 4 1 1 0 1 
0.6546833120000001 0.387504 13 4 1 0 1 1 
0.696234808 0.425785 14 4 0 1 1 1 
0.706643176 0.430895 15 4 1 1 1 1 
