6.751399085092189 0.296875 52 6 0 0 1 0 1 1 
6.958578532138126 0.340820 52 6 0 0 1 0 1 1 
7.132073385844064 0.382019 42 6 0 1 0 1 0 1 
7.273494788923438 0.420643 42 6 0 1 0 1 0 1 
7.406082529277189 0.456853 42 6 0 1 0 1 0 1 
7.51694193196 0.276755 41 6 1 0 0 1 0 1 
7.8349214338631255 0.321958 40 6 0 0 0 1 0 1 
8.08721313400125 0.364336 20 6 0 0 1 0 1 0 
8.3047973829075 0.404065 20 6 0 0 1 0 1 0 
8.508788993755001 0.441311 20 6 0 0 1 0 1 0 
8.669180149734377 0.476229 18 6 0 1 0 0 1 0 
8.818409255464063 0.508965 18 6 0 1 0 0 1 0 
8.958317338051565 0.539654 18 6 0 1 0 0 1 0 
