0.28429632821999995 0.255208 55 6 1 1 1 0 1 1 
0.29088657328999995 0.260742 59 6 1 1 0 1 1 1 
0.3014494433 0.266663 29 6 1 0 1 1 1 0 
0.34786819515 0.312496 46 6 0 1 1 1 0 1 
0.35372576841 0.317700 55 6 1 1 1 0 1 1 
0.36026155914 0.323222 59 6 1 1 0 1 1 1 
0.3703998492500001 0.329109 29 6 1 0 1 1 1 0 
0.41291280145 0.371040 46 6 0 1 1 1 0 1 
0.41873237733 0.376215 55 6 1 1 1 0 1 1 
0.42517819307 0.381691 59 6 1 1 0 1 1 1 
0.43487669924 0.387504 29 6 1 0 1 1 1 0 
0.47373181099 0.425785 46 6 0 1 1 1 0 1 
0.47947298105999997 0.430895 55 6 1 1 1 0 1 1 
