5.280489768299999 0.296875 26 5 0 1 0 1 1 
5.4159550605 0.340820 26 5 0 1 0 1 1 
5.5429504951999995 0.382019 26 5 0 1 0 1 1 
5.662011659499999 0.420643 26 5 0 1 0 1 1 
5.7736305314999985 0.456853 26 5 0 1 0 1 1 
5.859831523699999 0.276755 21 5 1 0 1 0 1 
6.0820018972 0.321958 20 5 0 0 1 0 1 
6.290290751199999 0.364336 20 5 0 0 1 0 1 
6.4855508862999995 0.404065 20 5 0 0 1 0 1 
6.651284931399999 0.441311 10 5 0 1 0 1 0 
6.783101326599999 0.476229 10 5 0 1 0 1 0 
6.906670793299998 0.508965 10 5 0 1 0 1 0 
7.021456082499999 0.316773 9 5 1 0 0 1 0 
