8.493531175107812 0.296875 52 6 0 0 1 0 1 1 
8.734181481539373 0.340820 52 6 0 0 1 0 1 1 
8.959796546679685 0.382019 52 6 0 0 1 0 1 1 
9.15243399352656 0.420643 42 6 0 1 0 1 0 1 
9.31221033256281 0.456853 42 6 0 1 0 1 0 1 
9.46199585809531 0.490799 42 6 0 1 0 1 0 1 
9.60241621554281 0.522624 42 6 0 1 0 1 0 1 
9.71858207745031 0.283607 41 6 1 0 0 1 0 1 
10.096354753738748 0.328381 40 6 0 0 0 1 0 1 
10.450507467990622 0.370357 40 6 0 0 0 1 0 1 
10.727892264431249 0.409710 20 6 0 0 1 0 1 0 
10.977527175901248 0.446603 20 6 0 0 1 0 1 0 
11.211553888647185 0.481191 20 6 0 0 1 0 1 0 
