0.8614143234999999 0.255208 15 4 1 1 1 1 
0.9082914224999998 0.260742 11 4 1 1 0 1 
0.96032156075 0.266663 13 4 1 0 1 1 
1.0181829596249998 0.312496 14 4 0 1 1 1 
1.0580848925 0.317700 15 4 1 1 1 1 
1.102084086875 0.323222 11 4 1 1 0 1 
1.1507143228749999 0.329109 13 4 1 0 1 1 
1.2045703915 0.371040 14 4 0 1 1 1 
1.242109203125 0.376215 15 4 1 1 1 1 
1.283322454375 0.381691 11 4 1 1 0 1 
1.328675184875 0.387504 13 4 1 0 1 1 
1.378689342625 0.425785 14 4 0 1 1 1 
1.4139118952499998 0.430895 15 4 1 1 1 1 
