7.372577189599999 0.296875 28 5 0 0 1 1 1 
7.558044356499999 0.340820 26 5 0 1 0 1 1 
7.7223851172 0.382019 26 5 0 1 0 1 1 
7.876457367499999 0.420643 26 5 0 1 0 1 1 
8.020899993499999 0.456853 26 5 0 1 0 1 1 
8.156317458099998 0.490799 26 5 0 1 0 1 1 
8.283264249999998 0.522624 26 5 0 1 0 1 1 
8.402285947899998 0.552460 26 5 0 1 0 1 1 
8.511947547799998 0.286715 25 5 1 0 0 1 1 
8.8147960887 0.331295 20 5 0 0 1 0 1 
9.089401859599999 0.373089 20 5 0 0 1 0 1 
9.3468384233 0.412271 20 5 0 0 1 0 1 
9.588188666699999 0.449004 20 5 0 0 1 0 1 
