4.732878745599999 0.296875 52 6 0 0 1 0 1 1 
4.876193731839999 0.340820 42 6 0 1 0 1 0 1 
4.991500096639999 0.382019 42 6 0 1 0 1 0 1 
5.097255375679999 0.268960 41 6 1 0 0 1 0 1 
5.309363026239999 0.314650 20 6 0 0 1 0 1 0 
5.486867955199999 0.357485 20 6 0 0 1 0 1 0 
5.645432251199999 0.397642 18 6 0 1 0 0 1 0 
5.765443184319999 0.435289 18 6 0 1 0 0 1 0 
5.877952256639999 0.470584 18 6 0 1 0 0 1 0 
5.983425287679999 0.503672 18 6 0 1 0 0 1 0 
6.0823027196799995 0.534693 18 6 0 1 0 0 1 0 
6.174039754239999 0.310213 17 6 1 0 0 0 1 0 
6.476921071039998 0.353325 8 6 0 0 0 1 0 0 
