0.400322 0.400322 0.400322 0 13 1 1 0 1 0 0 1 1 0 1 1 1 0
0.97119372 0.260091 7 3 1 1 1 
0.306335 0.306335 0.306335 0 13 1 1 1 0 1 0 1 1 0 1 1 1 0
0.330492 0.330492 0.285858 0 13 1 1 1 1 1 0 1 1 0 1 1 1 0
0.390334 0.390334 0.390334 0 13 1 1 1 0 0 1 1 1 0 1 1 1 0
-1   0 13 1 1 1 1 0 1 1 1 0 1 1 1 0
1.17052996 0.326263 2 3 0 1 0 
0.496549 0.483826 0.444858 0 13 1 0 1 1 1 1 1 1 0 1 1 1 0
0.512082 0.512082 0.479554 0 13 1 0 1 0 1 0 0 1 1 1 1 1 0
0.637761 0.455176 0.637761 0 13 1 1 0 1 0 1 0 1 1 1 1 1 0
0.571166 0.571166 0.542577 0 13 1 1 1 0 1 1 0 1 1 1 1 1 0
0.602138 0.602138 0.575614 0 13 1 1 1 1 1 1 0 1 1 1 1 1 0
0.542577 0.542577 0.542577 0 13 1 1 0 1 0 0 1 1 1 1 1 1 0
