3.7100862563900003 0.296875 42 6 0 1 0 1 0 1 
3.81411356933 0.340820 42 6 0 1 0 1 0 1 
3.9116358909300004 0.382019 42 6 0 1 0 1 0 1 
3.9767583818200007 0.268960 21 6 1 0 1 0 1 0 
4.14072060498 0.314650 20 6 0 0 1 0 1 0 
4.294441394150001 0.357485 20 6 0 0 1 0 1 0 
4.410146890550001 0.397642 18 6 0 1 0 0 1 0 
4.51042564129 0.435289 18 6 0 1 0 0 1 0 
4.60443699483 0.470584 18 6 0 1 0 0 1 0 
4.69256913606 0.503672 18 6 0 1 0 0 1 0 
4.753877200430001 0.306144 17 6 1 0 0 0 1 0 
4.983786156120001 0.349510 8 6 0 0 0 1 0 0 
5.194592678610001 0.390166 8 6 0 0 0 1 0 0 
