3.8336766433749996 0.296875 14 4 0 1 1 1 
3.9436236979999997 0.340820 14 4 0 1 1 1 
4.0249637118749995 0.264669 13 4 1 0 1 1 
4.21857405925 0.310627 12 4 0 0 1 1 
4.344631852375 0.353713 10 4 0 1 0 1 
4.456166414749999 0.394106 10 4 0 1 0 1 
4.56073161025 0.431974 10 4 0 1 0 1 
4.658766375999999 0.467476 10 4 0 1 0 1 
4.750666414375 0.500758 10 4 0 1 0 1 
4.836826517874999 0.531961 10 4 0 1 0 1 
4.9097250922499995 0.304191 9 4 1 0 0 1 
5.122563104249999 0.347679 4 4 0 0 1 0 
5.320579695375001 0.388449 4 4 0 0 1 0 
