0.9098210488281249 0.255208 55 6 1 1 1 0 1 1 
0.9509165068359374 0.260742 59 6 1 1 0 1 1 1 
1.0082822070312498 0.266663 29 6 1 0 1 1 1 0 
1.0781031923828124 0.312496 46 6 0 1 1 1 0 1 
1.1113866533203125 0.317700 55 6 1 1 1 0 1 1 
1.1502053867187498 0.323222 59 6 1 1 0 1 1 1 
1.2036852919921874 0.329109 29 6 1 0 1 1 1 0 
1.2683551259765624 0.371040 46 6 0 1 1 1 0 1 
1.2999521689453126 0.376215 55 6 1 1 1 0 1 1 
1.3365327724609377 0.381691 59 6 1 1 0 1 1 1 
1.386282052734375 0.387504 29 6 1 0 1 1 1 0 
1.4460514697265625 0.425785 46 6 0 1 1 1 0 1 
1.4759502031249998 0.430895 55 6 1 1 1 0 1 1 
