0.28429309599999997 0.255208 23 5 1 1 1 0 1 
0.2908832821999999 0.260742 27 5 1 1 0 1 1 
0.3014457329 0.266663 29 5 1 0 1 1 1 
0.34786443300000003 0.312496 14 5 0 1 1 1 0 
0.35372195149999996 0.317700 23 5 1 1 1 0 1 
0.36025768410000003 0.323222 27 5 1 1 0 1 1 
0.37039559140000006 0.329109 29 5 1 0 1 1 1 
0.4129084925 0.371040 14 5 0 1 1 1 0 
0.4187280145 0.376215 23 5 1 1 1 0 1 
0.4251737733 0.381691 27 5 1 1 0 1 1 
0.4348719307 0.387504 29 5 1 0 1 1 1 
0.4737269924 0.425785 14 5 0 1 1 1 0 
0.4794681099 0.430895 23 5 1 1 1 0 1 
