0.398997291673125 0.255208 55 6 1 1 1 0 1 1 
0.4125550898134374 0.260742 59 6 1 1 0 1 1 1 
0.43570045683124997 0.266663 29 6 1 0 1 1 1 0 
0.48494011409531246 0.312496 46 6 0 1 1 1 0 1 
0.4947021815428125 0.317700 55 6 1 1 1 0 1 1 
0.50775576235875 0.323222 59 6 1 1 0 1 1 1 
0.5294756236796875 0.329109 29 6 1 0 1 1 1 0 
0.5747392089890624 0.371040 46 6 0 1 1 1 0 1 
0.5842891800878124 0.376215 55 6 1 1 1 0 1 1 
0.5968190034684375 0.381691 59 6 1 1 0 1 1 1 
0.6171559650993749 0.387504 29 6 1 0 1 1 1 0 
0.6586792855290625 0.425785 46 6 0 1 1 1 0 1 
0.667970668935 0.430895 55 6 1 1 1 0 1 1 
