0.474009396086875 0.255208 55 6 1 1 1 0 1 1 
0.49229831130656243 0.260742 59 6 1 1 0 1 1 1 
0.5214163122312501 0.266663 29 6 1 0 1 1 1 0 
0.5730606964796875 0.312496 46 6 0 1 1 1 0 1 
0.5860759312996875 0.317700 55 6 1 1 1 0 1 1 
0.60354149709875 0.323222 59 6 1 1 0 1 1 1 
0.6307891465453125 0.329109 29 6 1 0 1 1 1 0 
0.6783515502984374 0.371040 46 6 0 1 1 1 0 1 
0.6909652046146875 0.376215 55 6 1 1 1 0 1 1 
0.7076006178540626 0.381691 59 6 1 1 0 1 1 1 
0.7330428926831251 0.387504 29 6 1 0 1 1 1 0 
0.7767558597409375 0.425785 46 6 0 1 1 1 0 1 
0.7889239040824999 0.430895 55 6 1 1 1 0 1 1 
