9.50399860285 0.296875 52 6 0 0 1 0 1 1 
9.763835841839999 0.340820 52 6 0 0 1 0 1 1 
10.007438821149998 0.382019 52 6 0 0 1 0 1 1 
10.235814903549999 0.420643 52 6 0 0 1 0 1 1 
10.418566590289998 0.456853 42 6 0 1 0 1 0 1 
10.583200824349998 0.490799 42 6 0 1 0 1 0 1 
10.737541571229999 0.522624 42 6 0 1 0 1 0 1 
10.88223407912 0.552460 42 6 0 1 0 1 0 1 
11.008996025589997 0.286715 41 6 1 0 0 1 0 1 
11.421555976919999 0.331295 40 6 0 0 0 1 0 1 
11.80832394861 0.373089 40 6 0 0 0 1 0 1 
12.150774901839998 0.412271 20 6 0 0 1 0 1 0 
12.427461315399999 0.449004 20 6 0 0 1 0 1 0 
