1.5599248776437502 0.296875 26 5 0 1 0 1 1 
1.5935349566437502 0.260091 21 5 1 0 1 0 1 
1.66998067180625 0.306335 10 5 0 1 0 1 0 
1.7375540898062503 0.349690 10 5 0 1 0 1 0 
1.7729246905625002 0.276536 9 5 1 0 0 1 0 
1.8890798823187502 0.321753 20 5 0 0 1 0 1 
1.963705802775 0.364143 18 5 0 1 0 0 1 
2.02818495646875 0.403884 18 5 0 1 0 0 1 
2.0688454863875 0.302342 17 5 1 0 0 0 1 
2.21268898601875 0.345946 24 5 0 0 0 1 1 
2.31507626873125 0.386824 20 5 0 0 1 0 1 
2.409401690475 0.425148 20 5 0 0 1 0 1 
2.47379325165 0.461076 18 5 0 1 0 0 1 
