0.5212636875 0.255208 55 6 1 1 1 0 1 1 
0.5423960312499999 0.260742 59 6 1 1 0 1 1 1 
0.5749030625000001 0.266663 29 6 1 0 1 1 1 0 
0.62823684375 0.312496 46 6 0 1 1 1 0 1 
0.64340953125 0.317700 55 6 1 1 1 0 1 1 
0.6635285625 0.323222 59 6 1 1 0 1 1 1 
0.6939189062500001 0.329109 29 6 1 0 1 1 1 0 
0.74308528125 0.371040 46 6 0 1 1 1 0 1 
0.7577244062499999 0.376215 55 6 1 1 1 0 1 1 
0.77683059375 0.381691 59 6 1 1 0 1 1 1 
0.805180875 0.387504 29 6 1 0 1 1 1 0 
0.8504118437499999 0.425785 46 6 0 1 1 1 0 1 
0.8644760625000001 0.430895 55 6 1 1 1 0 1 1 
