1.0115025155 0.255208 15 4 1 1 1 1 
1.0684875274999999 0.260742 11 4 1 1 0 1 
1.1273809122499998 0.266663 13 4 1 0 1 1 
1.188188683875 0.312496 14 4 0 1 1 1 
1.2399021924999998 0.317700 15 4 1 1 1 1 
1.293296485625 0.323222 11 4 1 1 0 1 
1.348383358625 0.329109 13 4 1 0 1 1 
1.4051566195 0.371040 14 4 0 1 1 1 
1.453601224375 0.376215 15 4 1 1 1 1 
1.503529363125 0.381691 11 4 1 1 0 1 
1.554940624625 0.387504 13 4 1 0 1 1 
1.6078206878749999 0.425785 14 4 0 1 1 1 
1.6530907907499999 0.430895 15 4 1 1 1 1 
