4.193900193685939 0.296875 52 6 0 0 1 0 1 1 
4.314912588892813 0.340820 42 6 0 1 0 1 0 1 
4.420805078280313 0.382019 42 6 0 1 0 1 0 1 
4.508194271254376 0.268960 41 6 1 0 0 1 0 1 
4.6914069658318756 0.314650 20 6 0 0 1 0 1 0 
4.856434199417189 0.357485 20 6 0 0 1 0 1 0 
4.992411742164064 0.397642 18 6 0 1 0 0 1 0 
5.101979623681563 0.435289 18 6 0 1 0 0 1 0 
5.204698991011563 0.470584 18 6 0 1 0 0 1 0 
5.300994552704377 0.503672 18 6 0 1 0 0 1 0 
5.389274957689688 0.306144 17 6 1 0 0 0 1 0 
5.652226237849376 0.349510 8 6 0 0 0 1 0 0 
5.879864803274689 0.390166 8 6 0 0 0 1 0 0 
