0.6755783979999999 0.255208 15 4 1 1 1 1 
0.7095002399999999 0.260742 11 4 1 1 0 1 
0.7519483459999999 0.266663 13 4 1 0 1 1 
0.8061491669999999 0.312496 14 4 0 1 1 1 
0.8324855299999999 0.317700 15 4 1 1 1 1 
0.864449645 0.323222 11 4 1 1 0 1 
0.9041023629999999 0.329109 13 4 1 0 1 1 
0.9543329619999998 0.371040 14 4 0 1 1 1 
0.9793199149999999 0.376215 15 4 1 1 1 1 
1.0093754350000002 0.381691 11 4 1 1 0 1 
1.046337119 0.387504 13 4 1 0 1 1 
1.0927882809999998 0.425785 14 4 0 1 1 1 
1.1164227519999999 0.430895 15 4 1 1 1 1 
