0.397299669125 0.255208 23 5 1 1 1 0 1 
0.41082654763749993 0.260742 27 5 1 1 0 1 1 
0.43375168518124996 0.266663 29 5 1 0 1 1 1 
0.48296416237499995 0.312496 14 5 0 1 1 1 0 
0.49269746884375 0.317700 23 5 1 1 1 0 1 
0.50572051869375 0.323222 27 5 1 1 0 1 1 
0.5272393210249999 0.329109 29 5 1 0 1 1 1 
0.5724760676562499 0.371040 14 5 0 1 1 1 0 
0.5819977399687499 0.376215 23 5 1 1 1 0 1 
0.59449765739375 0.381691 27 5 1 1 0 1 1 
0.6146514384812499 0.387504 29 5 1 0 1 1 1 
0.6561484717125 0.425785 14 5 0 1 1 1 0 
0.66541224436875 0.430895 23 5 1 1 1 0 1 
