0.36922646145999993 0.255208 55 6 1 1 1 0 1 1 
0.3808612730699999 0.260742 59 6 1 1 0 1 1 1 
0.4012992040999999 0.266663 29 6 1 0 1 1 1 0 
0.44970154945 0.312496 46 6 0 1 1 1 0 1 
0.45827934063000003 0.317700 55 6 1 1 1 0 1 1 
0.46953943682000004 0.323222 59 6 1 1 0 1 1 1 
0.48875944694999995 0.329109 29 6 1 0 1 1 1 0 
0.5332152313499999 0.371040 46 6 0 1 1 1 0 1 
0.5416442721899999 0.376215 55 6 1 1 1 0 1 1 
0.55250491141 0.381691 59 6 1 1 0 1 1 1 
0.5705384599200001 0.387504 29 6 1 0 1 1 1 0 
0.61128578377 0.425785 46 6 0 1 1 1 0 1 
0.61951963778 0.430895 55 6 1 1 1 0 1 1 
