1.0272557091249999 0.255208 23 5 1 1 1 0 1 
1.0770153266374998 0.260742 27 5 1 1 0 1 1 
1.1321185156812499 0.266663 29 5 1 0 1 1 1 
1.2118681586249997 0.312496 14 5 0 1 1 1 0 
1.25447147384375 0.317700 23 5 1 1 1 0 1 
1.3013291744437498 0.323222 27 5 1 1 0 1 1 
1.3529938327749997 0.329109 29 5 1 0 1 1 1 
1.4268328226562499 0.371040 14 5 0 1 1 1 0 
1.4670390862187501 0.376215 23 5 1 1 1 0 1 
1.5110649071437499 0.381691 27 5 1 1 0 1 1 
1.55938994123125 0.387504 29 5 1 0 1 1 1 
1.6276101109624999 0.425785 14 5 0 1 1 1 0 
1.6654453048687499 0.430895 23 5 1 1 1 0 1 
