6.2593513696 0.296875 28 5 0 0 1 1 1 
6.413795432000001 0.340820 26 5 0 1 0 1 1 
6.5581565792 0.382019 26 5 0 1 0 1 1 
6.693498064 0.420643 26 5 0 1 0 1 1 
6.8203801120000005 0.456853 26 5 0 1 0 1 1 
6.9393341216 0.490799 26 5 0 1 0 1 1 
7.048821200000001 0.280292 21 5 1 0 1 0 1 
7.301736112 0.325273 20 5 0 0 1 0 1 
7.538857292800001 0.367444 20 5 0 0 1 0 1 
7.7611506992 0.406979 20 5 0 0 1 0 1 
7.969553856000001 0.444042 20 5 0 0 1 0 1 
8.1565224848 0.478790 10 5 0 1 0 1 0 
8.302032004800001 0.511365 10 5 0 1 0 1 0 
