0.5603447151250001 0.255208 23 5 1 1 1 0 1 
0.5843708606375 0.260742 27 5 1 1 0 1 1 
0.6185316406812501 0.266663 29 5 1 0 1 1 1 
0.673713643875 0.312496 14 5 0 1 1 1 0 
0.69118537634375 0.317700 23 5 1 1 1 0 1 
0.71399143269375 0.323222 27 5 1 1 0 1 1 
0.7459489155250001 0.329109 29 5 1 0 1 1 1 
0.7968527441562501 0.371040 14 5 0 1 1 1 0 
0.81363457496875 0.376215 23 5 1 1 1 0 1 
0.83523093939375 0.381691 27 5 1 1 0 1 1 
0.86506172948125 0.387504 29 5 1 0 1 1 1 
0.9119219022125 0.425785 14 5 0 1 1 1 0 
0.9279783868687501 0.430895 23 5 1 1 1 0 1 
