4.0518727121437506 0.296875 26 5 0 1 0 1 1 
4.164209087156251 0.340820 26 5 0 1 0 1 1 
4.269521633637501 0.382019 26 5 0 1 0 1 1 
4.354873797318751 0.268960 21 5 1 0 1 0 1 
4.537889883762501 0.314650 20 5 0 0 1 0 1 
4.709474256781251 0.357485 20 5 0 0 1 0 1 
4.837778462531251 0.397642 10 5 0 1 0 1 0 
4.94680229951875 0.435289 10 5 0 1 0 1 0 
5.04645295539375 0.297173 9 5 1 0 0 1 0 
5.31327633655 0.341100 8 5 0 0 0 1 0 
5.56343168668125 0.382281 8 5 0 0 0 1 0 
5.746441409200001 0.420889 4 5 0 0 1 0 0 
5.905199866625001 0.457083 4 5 0 0 1 0 0 
