0.7325966874999998 0.255208 15 4 1 1 1 1 
0.7705479375 0.260742 11 4 1 1 0 1 
0.8161005312499999 0.266663 13 4 1 0 1 1 
0.871426234375 0.312496 14 4 0 1 1 1 
0.9017728125 0.317700 15 4 1 1 1 1 
0.9374794531249999 0.323222 11 4 1 1 0 1 
0.9800358281249999 0.329109 13 4 1 0 1 1 
1.0313806875 0.371040 14 4 0 1 1 1 
1.060082296875 0.376215 15 4 1 1 1 1 
1.093606890625 0.381691 11 4 1 1 0 1 
1.133278078125 0.387504 13 4 1 0 1 1 
1.180824484375 0.425785 14 4 0 1 1 1 
1.20789209375 0.430895 15 4 1 1 1 1 
