0.468045041125 0.255208 23 5 1 1 1 0 1 
0.48622532463749996 0.260742 27 5 1 1 0 1 1 
0.51456958068125 0.266663 29 5 1 0 1 1 1 
0.566118471625 0.312496 14 5 0 1 1 1 0 
0.57903265884375 0.317700 23 5 1 1 1 0 1 
0.59639095844375 0.323222 27 5 1 1 0 1 1 
0.622932215775 0.329109 29 5 1 0 1 1 1 
0.67040032565625 0.371040 14 5 0 1 1 1 0 
0.68291455621875 0.376215 23 5 1 1 1 0 1 
0.6994448991437501 0.381691 27 5 1 1 0 1 1 
0.72424359523125 0.387504 29 5 1 0 1 1 1 
0.7678642059625 0.425785 14 5 0 1 1 1 0 
0.7799352438687499 0.430895 23 5 1 1 1 0 1 
