2.352600060375 0.296875 14 4 0 1 1 1 
2.422579169125 0.260091 13 4 1 0 1 1 
2.5474710991250005 0.306335 10 4 0 1 0 1 
2.632265302625 0.349690 10 4 0 1 0 1 
2.7117574176250003 0.390334 10 4 0 1 0 1 
2.7630801480000002 0.281347 5 4 1 0 1 0 
2.91187591575 0.326263 4 4 0 0 1 0 
3.0513786193750003 0.368372 4 4 0 0 1 0 
3.1821546416250004 0.407849 4 4 0 0 1 0 
3.2693105630000003 0.444858 10 4 0 1 0 1 
3.3270081087500003 0.314243 9 4 1 0 0 1 
3.5464091562500006 0.357103 8 4 0 0 0 1 
3.7233657445000006 0.397284 4 4 0 0 1 0 
