2.0630001321249996 0.296875 14 4 0 1 1 1 
2.122735418375 0.260091 13 4 1 0 1 1 
2.233218478375 0.306335 10 4 0 1 0 1 
2.3120803098750002 0.349690 10 4 0 1 0 1 
2.373530962625 0.276536 5 4 1 0 1 0 
2.51111905625 0.321753 4 4 0 0 1 0 
2.6401084792500003 0.364143 4 4 0 0 1 0 
2.7489126820000003 0.403884 10 4 0 1 0 1 
2.815233596875 0.302342 9 4 1 0 0 1 
3.0162073547499997 0.345946 8 4 0 0 0 1 
3.1716228158749997 0.386824 12 4 0 0 1 1 
3.2679730391249997 0.425148 10 4 0 1 0 1 
3.3386099755 0.461076 10 4 0 1 0 1 
