1.3616740213749998 0.296875 14 4 0 1 1 1 
1.394267940125 0.260091 13 4 1 0 1 1 
1.4701163901249998 0.306335 10 4 0 1 0 1 
1.512517467875 0.271404 5 4 1 0 1 0 
1.6233322278749998 0.316942 4 4 0 0 1 0 
1.708167490625 0.359633 10 4 0 1 0 1 
1.753142987125 0.290271 13 4 1 0 1 1 
1.8614077434999998 0.334629 12 4 0 0 1 1 
1.9629063256249997 0.376215 12 4 0 0 1 1 
2.02868273425 0.415201 10 4 0 1 0 1 
2.0665595026249997 0.386824 13 4 1 0 1 1 
2.132831337375 0.425148 10 4 0 1 0 1 
2.1897554364999996 0.461076 10 4 0 1 0 1 
