0.3013738915 0.255208 15 4 1 1 1 1 
0.30884484749999996 0.260742 11 4 1 1 0 1 
0.32177652425 0.266663 13 4 1 0 1 1 
0.368534237875 0.312496 14 4 0 1 1 1 
0.3748405125 0.317700 15 4 1 1 1 1 
0.382206475625 0.323222 11 4 1 1 0 1 
0.39451804462499995 0.329109 13 4 1 0 1 1 
0.4373681235 0.371040 14 4 0 1 1 1 
0.443624514375 0.376215 15 4 1 1 1 1 
0.45085103312499997 0.381691 11 4 1 1 0 1 
0.462539342625 0.387504 13 4 1 0 1 1 
0.501727289875 0.425785 14 4 0 1 1 1 
0.5078913147499999 0.430895 15 4 1 1 1 1 
