3.37484135664375 0.296875 26 5 0 1 0 1 1 
3.4745039656562495 0.340820 26 5 0 1 0 1 1 
3.56054409931875 0.264669 21 5 1 0 1 0 1 
3.72322282363125 0.310627 20 5 0 0 1 0 1 
3.8585641240624997 0.353713 10 5 0 1 0 1 0 
3.9582359124125 0.394106 10 5 0 1 0 1 0 
4.0516797019999995 0.431974 10 5 0 1 0 1 0 
4.11544887196875 0.291698 9 5 1 0 0 1 0 
4.351016229143751 0.335967 8 5 0 0 0 1 0 
4.5552818389375 0.377469 4 5 0 0 1 0 0 
4.703933661868749 0.416377 4 5 0 0 1 0 0 
4.843295108093749 0.452854 4 5 0 0 1 0 0 
4.97394404161875 0.487050 4 5 0 0 1 0 0 
