0.39253218349999996 0.255208 15 4 1 1 1 1 
0.4059761974999999 0.260742 11 4 1 1 0 1 
0.42881299324999994 0.266663 13 4 1 0 1 1 
0.477396243375 0.312496 14 4 0 1 1 1 
0.48705189249999997 0.317700 15 4 1 1 1 1 
0.499992768125 0.323222 11 4 1 1 0 1 
0.521424339125 0.329109 13 4 1 0 1 1 
0.5660866314999999 0.371040 14 4 0 1 1 1 
0.575531621875 0.376215 15 4 1 1 1 1 
0.5879506856250001 0.381691 11 4 1 1 0 1 
0.608019021125 0.387504 13 4 1 0 1 1 
0.648992681375 0.425785 14 4 0 1 1 1 
0.65818134775 0.430895 15 4 1 1 1 1 
