0.321031208 0.255208 23 5 1 1 1 0 1 
0.32963319519999995 0.260742 27 5 1 1 0 1 1 
0.3449825503999999 0.266663 29 5 1 0 1 1 1 
0.39219141599999996 0.312496 14 5 0 1 1 1 0 
0.399079024 0.317700 23 5 1 1 1 0 1 
0.4075058256 0.323222 27 5 1 1 0 1 1 
0.4220391344 0.329109 29 5 1 0 1 1 1 
0.465331928 0.371040 14 5 0 1 1 1 0 
0.472149072 0.376215 23 5 1 1 1 0 1 
0.4803684128000001 0.381691 27 5 1 1 0 1 1 
0.49409422720000007 0.387504 29 5 1 0 1 1 1 
0.5337141024000001 0.425785 14 5 0 1 1 1 0 
0.5404164863999998 0.430895 23 5 1 1 1 0 1 
