1.03050717696 0.255208 55 6 1 1 1 0 1 1 
1.0769664083200001 0.260742 59 6 1 1 0 1 1 1 
1.1418628976000003 0.266663 29 6 1 0 1 1 1 0 
1.2172780032000001 0.312496 46 6 0 1 1 1 0 1 
1.2560500108800001 0.317700 55 6 1 1 1 0 1 1 
1.2999148243200003 0.323222 59 6 1 1 0 1 1 1 
1.3603872592000001 0.329109 29 6 1 0 1 1 1 0 
1.4302934976000001 0.371040 46 6 0 1 1 1 0 1 
1.4670280854400004 0.376215 55 6 1 1 1 0 1 1 
1.5083433801600004 0.381691 59 6 1 1 0 1 1 1 
1.56457099392 0.387504 29 6 1 0 1 1 1 0 
1.6292292995200004 0.425785 46 6 0 1 1 1 0 1 
1.66392354528 0.430895 55 6 1 1 1 0 1 1 
