0.43030374399999993 0.255208 23 5 1 1 1 0 1 
0.4460138432 0.260742 27 5 1 1 0 1 1 
0.47160479839999997 0.266663 29 5 1 0 1 1 1 
0.52185312 0.312496 14 5 0 1 1 1 0 
0.533023904 0.317700 23 5 1 1 1 0 1 
0.5480810496 0.323222 27 5 1 1 0 1 1 
0.5720677263999999 0.329109 29 5 1 0 1 1 1 
0.6182969119999999 0.371040 14 5 0 1 1 1 0 
0.629173192 0.376215 23 5 1 1 1 0 1 
0.6435643248000001 0.381691 27 5 1 1 0 1 1 
0.6659979232000001 0.387504 29 5 1 0 1 1 1 
0.7084422704000001 0.425785 14 5 0 1 1 1 0 
0.7189787664 0.430895 23 5 1 1 1 0 1 
