0.343499349609375 0.255208 55 6 1 1 1 0 1 1 
0.3534867939453125 0.260742 59 6 1 1 0 1 1 1 
0.37134151953125 0.266663 29 6 1 0 1 1 1 0 
0.41908147558593745 0.312496 46 6 0 1 1 1 0 1 
0.42671464746093746 0.317700 55 6 1 1 1 0 1 1 
0.43643701171874993 0.323222 59 6 1 1 0 1 1 1 
0.45327585253906255 0.329109 29 6 1 0 1 1 1 0 
0.4970882060546875 0.371040 46 6 0 1 1 1 0 1 
0.5046188818359375 0.376215 55 6 1 1 1 0 1 1 
0.5140471455078125 0.381691 59 6 1 1 0 1 1 1 
0.5298902597656251 0.387504 29 6 1 0 1 1 1 0 
0.5700156044921875 0.425785 46 6 0 1 1 1 0 1 
0.5773981171874999 0.430895 55 6 1 1 1 0 1 1 
