3.074512060799999 0.296875 26 5 0 1 0 1 1 
3.1685741039999993 0.340820 26 5 0 1 0 1 1 
3.2395526655999998 0.264669 21 5 1 0 1 0 1 
3.3941658415999996 0.310627 20 5 0 0 1 0 1 
3.5104772959999995 0.353713 10 5 0 1 0 1 0 
3.604273161599999 0.394106 10 5 0 1 0 1 0 
3.6856721839999995 0.286967 9 5 1 0 0 1 0 
3.906989488 0.331531 8 5 0 0 0 1 0 
4.0855525232 0.373311 4 5 0 0 1 0 0 
4.2246163359999995 0.412479 4 5 0 0 1 0 0 
4.3549840496 0.449199 4 5 0 0 1 0 0 
4.477205491199999 0.483624 4 5 0 0 1 0 0 
4.583233582399999 0.515897 18 5 0 1 0 0 1 
