0.30155927179562503 0.255208 55 6 1 1 1 0 1 1 
0.3090334703521875 0.260742 59 6 1 1 0 1 1 1 
0.32197131153124997 0.266663 29 6 1 0 1 1 1 0 
0.3687506457015625 0.312496 46 6 0 1 1 1 0 1 
0.3750599560040625 0.317700 55 6 1 1 1 0 1 1 
0.38242913277875 0.323222 59 6 1 1 0 1 1 1 
0.39474655157343747 0.329109 29 6 1 0 1 1 1 0 
0.43761639824531245 0.371040 46 6 0 1 1 1 0 1 
0.4438757852090625 0.376215 55 6 1 1 1 0 1 1 
0.4511054640221875 0.381691 59 6 1 1 0 1 1 1 
0.462799304581875 0.387504 29 6 1 0 1 1 1 0 
0.5020052883803126 0.425785 46 6 0 1 1 1 0 1 
0.50817224624 0.430895 55 6 1 1 1 0 1 1 
